
%   0.5043
%     3  4  6 16 17 20 22 25 28 31 32 36 42 43 44 50
%     5  9 11 13 19 25 30 32 35 40 41 42 44 45 46 47 49

1  2  3  4  5  6  7  8  9 10 11 12 13 14 15 16 17 18 19

2  3  4  6 15 18 21 22 27 28 29 32 35 42 46 47 49  
3  6 12 15 16 17 21 29 30 31 34 35 40 41 42 45 49 50
0.419

2  3  4  6 13 21 22 28 32 35 41 42 46 47 49 52  
4  6 15 17 19 21 24 28 30 34 35 40 42 44 45 47 49 50 52
0.398

2  3  4 13 16 19 21 22 28 32 33 35 38 39 41 46 47 49 52  
2  4  6 12 15 17 21 27 30 39 40 42 44 45 47 49 50 51 52
0.393
3.93935e-01  
2  3  4 13 15 19 22 26 29 31 34 35 38 40 41 46 47 49 51  
2  4  6 11 17 20 21 25 27 33 37 39 42 43 44 45 50 52
3.92710e-01  
2  3  4 13 14 15 16 18 19 25 31 35 40 41 43 46 47 49 51  
2  4  6 19 21 23 25 27 28 31 33 35 39 42 43 44 45 50 52
3.91296e-01  
2  3  4  6 16 20 21 23 26 30 35 36 37 38 41 43 46 47 49  
2  4  6 14 17 20 21 25 28 30 31 36 42 44 45 47 49 50 51
3.91286e-01  
2  3  4 14 17 20 21 23 24 25 26 30 31 33 37 39 43 46 49  
2  4  6 18 20 22 24 28 29 32 33 38 42 43 45 47 49 51 52
3.83748e-01  
2  3  4  6 14 17 18 21 24 25 26 31 33 35 41 43 47 49  
2  4  6 15 16 18 27 32 33 35 38 39 42 43 45 47 49 51
3.85194e-01  
2  4  6  7 13 16 17 18 28 30 31 37 39 40 43 47 49 52  
2  4 12 16 20 21 22 24 31 34 36 37 38 40 45 46 49
3.60570e-01  
3  4  5  7 11 13 16 20 22 23 29 33 39 45 46 47  
3  5  7  9 10 13 18 24 25 32 33 37 40 41 42 44
3.12266e-01  
3  4  7  8 12 13 14 16 20 22 23 28 29 33 39 46 47 50  
3  5  7  8  9 11 18 19 24 32 33 37 39 40 41 42 44 45 51
2.89002e-01  
3  4  6  7  8 12 13 14 16 20 22 23 28 29 33 38 39 47 50  
3  5  6  7  8  9 11 18 19 24 27 33 34 39 41 42 44 45 51
2.2
1  2  4  5  7  8 13 14 22 28 33 36 45 46 47 48 50 51  
3  5  6  8 11 16 18 20 26 27 29 35 39 43 44 46 49 50 51



1  2  3  4  5  6  7  8  9 10 11 12 13 14 15 16 17 18 19
1.49441e-01  
3  4  9 12 18 20 21 22 30 33 36 42 44 45 47 51 52  
4  5  6  9 12 20 21 24 30 33 39 41 42 43 44 45 47 48 52
1.31979e-01  
3  4  9 10 12 18 21 22 26 30 31 33 36 42 44 45 47 51 52  
2  5  6  9 12 20 21 24 30 33 39 41 43 44 45 47 48 49 52
1.31300e-01  
3  4  9 10 12 18 22 26 29 30 33 36 42 44 45 47 51 52  
2  5  6  9 12 20 21 24 33 39 41 43 44 45 47 48 52
1.22775e-01  
3  4  9 10 12 18 22 26 29 30 32 33 36 40 44 45 47 51 52  
2  5  9 12 14 20 21 24 30 39 41 42 43 44 45 47 48 52
1.12615e-01  
3  5  9 12 20 21 24 26 28 33 39 41 42 43 44 45 47 48 51  
3  4  9 10 12 18 21 26 29 30 33 36 40 42 44 45 47 51 52

9.74859e-02
3  4  9 10 12 18 21 26 29 30 33 36 40 42 44 45 47 51 52  
3  5  9 12 13 17 20 24 26 28 33 39 41 42 43 44 45 47 48
8.74456e-02  
3  4  9 10 12 16 17 18 26 29 30 33 34 36 42 45 47 51 52  
2  3  5  9 12 13 20 24 26 28 33 39 41 42 43 44 45 47 48

8.71358e-02  
2  3  5  9 12 13 20 24 26 33 39 41 42 43 44 45 47 48  
3  4  9 10 12 17 18 23 25 29 30 33 36 42 44 45 47 52
5.98093e-02  
2  3  5  9 12 13 20 24 26 33 39 41 42 43 44 45 47 48 51  
2  3  4  9 10 12 17 18 23 25 29 30 33 36 42 44 45 47 52
5.88198e-02  
2  3  5  9 12 13 20 24 26 33 39 41 42 43 44 45 47 48 50  
2  3  4  9 10 12 17 18 25 29 30 33 36 42 44 45 47 52
6.17358e-02  start
1  2  4  5  7 11 13 16 19 22 25 27 31 41 42 45 46 50 52  
3  4  6 11 17 20 27 30 31 33 36 37 42 44 45 46 47 48 52
4.54618e-02  
1  2  4  5  7 11 13 14 16 19 22 23 30 41 42 45 47 49 51  
3  4  6 11 13 22 26 27 30 31 35 36 37 42 44 45 47 48 52
4.22775e-02  
1  2  4  5  8 11 13 14 16 19 22 23 30 41 42 45 47 49 51  
3  4  6 11 12 13 16 22 26 27 32 35 36 38 42 44 45 46 49
3.72049e-02  
1  2  4  5  8  9 11 13 14 16 19 22 23 28 41 42 45 49 51  
3  4  6 11 12 16 21 26 31 32 35 36 37 42 44 45 46 47 49

3.50154e-02  全探査
1  2  4  5  8  9 11 13 14 16 19 22 23 28 41 42 45 48 49  
3  4  6 11 12 16 19 26 29 32 35 36 37 42 44 45 46 47 49

5.45948e-02  センサー数片側１９個
1  2  5  7 11 15 16 21 22 23 25 26 41 42 43 44 47 49  
4  5  7 10 14 17 28 29 35 36 38 42 44 45 47 48 49 50