   1.0000000e+00   8.6628315e+00
   2.0000000e+00   1.0343115e+01
   3.0000000e+00   9.6412246e+00
   4.0000000e+00   8.6961919e+00
   5.0000000e+00   9.1968911e+00
   6.0000000e+00   8.9353322e+00
   7.0000000e+00  -4.3895951e-02
   8.0000000e+00   6.9704567e+00
   9.0000000e+00   1.0520600e+01
   1.0000000e+01  -4.6588677e+00
   1.1000000e+01  -3.3832842e+00
   1.2000000e+01  -3.9933209e+00
   1.3000000e+01  -4.1628662e+00
   1.4000000e+01  -4.6302926e+00
   1.5000000e+01  -3.6583017e+00
   1.6000000e+01  -4.7320683e+00
   1.7000000e+01  -4.5306269e+00
   1.8000000e+01  -4.2135804e+00
   1.9000000e+01   1.4056816e+00
   2.0000000e+01   2.4650960e+00
   2.1000000e+01   1.4765612e+00
   2.2000000e+01   2.4329983e+00
   2.3000000e+01   1.4434208e+00
   2.4000000e+01   1.8062455e+00
   2.5000000e+01   1.2164592e+00
   2.6000000e+01   1.8260687e+00
   2.7000000e+01   1.4029066e+00
   2.8000000e+01   5.2964477e+00
   2.9000000e+01   5.2227671e+00
   3.0000000e+01   5.1508413e+00
   3.1000000e+01   4.2293582e+00
   3.2000000e+01   4.8701027e+00
   3.3000000e+01   5.3249658e+00
   3.4000000e+01   3.9747918e+00
   3.5000000e+01   8.9018657e+01
   3.6000000e+01   3.5744850e-02
   3.7000000e+01   6.3098889e+00
   3.8000000e+01   6.2118060e+00
   3.9000000e+01   5.4480443e+00
   4.0000000e+01   6.5654469e+00
   4.1000000e+01  -2.1099458e+00
   4.2000000e+01   6.4568426e+00
   4.3000000e+01   4.8970358e+00
   4.4000000e+01   5.8768051e+00
   4.5000000e+01   4.9727943e+00
   4.6000000e+01   7.5164765e+00
   4.7000000e+01   9.3238976e+00
   4.8000000e+01   5.2877598e+00
   4.9000000e+01   6.9935074e+00
   5.0000000e+01   5.5759185e+00
   5.1000000e+01   6.4216690e+00
   5.2000000e+01   4.6746289e+00
   5.3000000e+01   5.8659897e+00
   5.4000000e+01   3.3814438e+00
   5.5000000e+01   6.9448348e+00
   5.6000000e+01   7.6456709e+00
   5.7000000e+01   7.4635826e+00
   5.8000000e+01   6.0936545e+00
   5.9000000e+01   7.9127924e+00
   6.0000000e+01   7.5868723e+00
   6.1000000e+01   7.6594833e+00
   6.2000000e+01   6.9189925e+00
   6.3000000e+01   5.2867218e+00
   6.4000000e+01   6.2492865e+00
   6.5000000e+01   5.8375802e+00
   6.6000000e+01   5.2099161e+00
   6.7000000e+01   5.7729366e+00
   6.8000000e+01   5.3215469e+00
   6.9000000e+01   6.7452638e+00
   7.0000000e+01   6.2197103e+00
   7.1000000e+01   5.4498008e+00
   7.2000000e+01   6.5504864e+00
   7.3000000e+01   8.6368942e+00
   7.4000000e+01   9.3820680e+00
   7.5000000e+01   8.0972595e+00
   7.6000000e+01   8.8431394e+00
   7.7000000e+01   8.9790618e+00
   7.8000000e+01   7.1337684e+00
   7.9000000e+01   9.3567010e+00
   8.0000000e+01   7.8802595e+00
   8.1000000e+01   6.8952341e+00
