4.750000e-02 2.138009e-02
1.425000e-01 1.710481e-02
2.375000e-01 7.632092e-03
3.009167e-01 1.906115e-03
3.327500e-01 9.122016e-03
3.645833e-01 2.355837e-02
4.055000e-01 2.638766e-02
4.555000e-01 1.142901e-02
5.055000e-01 9.248670e-03
5.774583e-01 4.796097e-03
6.713750e-01 2.712767e-03
7.652917e-01 1.324446e-03
8.592083e-01 7.079350e-04
9.531250e-01 3.102633e-04
1.047042e+00 1.001967e-04
1.135388e+00 6.804356e-05
1.218163e+00 2.451017e-04
1.300938e+00 3.435443e-04
1.383713e+00 3.797986e-04
1.466488e+00 2.966098e-04
1.549263e+00 1.385053e-04
1.657067e+00 2.469273e-04
1.789900e+00 1.248648e-03
1.922733e+00 2.818294e-03
2.055817e+00 7.764313e-03
2.189150e+00 1.963339e-02
2.322483e+00 4.709706e-02
2.455817e+00 8.814671e-02
2.589150e+00 1.052937e-01
2.722483e+00 8.812658e-02
2.855817e+00 4.707534e-02
2.989150e+00 1.962252e-02
3.122483e+00 7.760235e-03
3.255567e+00 2.816491e-03
3.388400e+00 1.248048e-03
3.521233e+00 2.467237e-04
3.629038e+00 1.385040e-04
3.711813e+00 2.964683e-04
3.794588e+00 3.796326e-04
3.877363e+00 3.433802e-04
3.960138e+00 2.449877e-04
4.042913e+00 6.798568e-05
4.131258e+00 1.001283e-04
4.225175e+00 3.100966e-04
4.319092e+00 7.075556e-04
4.413008e+00 1.323737e-03
4.506925e+00 2.711332e-03
4.600842e+00 4.793586e-03
4.672800e+00 9.243866e-03
4.722800e+00 1.142318e-02
4.772800e+00 2.637406e-02
4.813717e+00 2.354824e-02
4.845550e+00 9.118513e-03
4.877383e+00 1.905492e-03
4.940800e+00 7.629149e-03
5.035800e+00 1.709932e-02
5.130800e+00 2.137738e-02
