1.110223e-16 2.867612e-02
2.850000e-03 2.840931e-02
5.700000e-03 2.814125e-02
8.550000e-03 2.787195e-02
1.140000e-02 2.760140e-02
1.425000e-02 2.732961e-02
1.710000e-02 2.705657e-02
1.995000e-02 2.678229e-02
2.280000e-02 2.650677e-02
2.565000e-02 2.623000e-02
2.850000e-02 2.595199e-02
3.135000e-02 2.567273e-02
3.420000e-02 2.539223e-02
3.705000e-02 2.511049e-02
3.990000e-02 2.482750e-02
4.275000e-02 2.454326e-02
4.560000e-02 2.425778e-02
4.845000e-02 2.397106e-02
5.130000e-02 2.368310e-02
5.415000e-02 2.339388e-02
5.700000e-02 2.310343e-02
5.985000e-02 2.281173e-02
6.270000e-02 2.251879e-02
6.555000e-02 2.222460e-02
6.840000e-02 2.192916e-02
7.125000e-02 2.163249e-02
7.410000e-02 2.133457e-02
7.695000e-02 2.103540e-02
7.980000e-02 2.073499e-02
8.265000e-02 2.043334e-02
8.550000e-02 2.013044e-02
8.835000e-02 1.982630e-02
9.120000e-02 1.952091e-02
9.405000e-02 1.921428e-02
9.690000e-02 1.890640e-02
9.975000e-02 1.859728e-02
1.026000e-01 1.828692e-02
1.054500e-01 1.797531e-02
1.083000e-01 1.766246e-02
1.111500e-01 1.734836e-02
1.140000e-01 1.703302e-02
1.168500e-01 1.671643e-02
1.197000e-01 1.639860e-02
1.225500e-01 1.607953e-02
1.254000e-01 1.575921e-02
1.282500e-01 1.543764e-02
1.311000e-01 1.511484e-02
1.339500e-01 1.479078e-02
1.368000e-01 1.446549e-02
1.396500e-01 1.413895e-02
1.425000e-01 1.381116e-02
1.453500e-01 1.348213e-02
1.482000e-01 1.315186e-02
1.510500e-01 1.282034e-02
1.539000e-01 1.248758e-02
1.567500e-01 1.215358e-02
1.596000e-01 1.181833e-02
1.624500e-01 1.148183e-02
1.653000e-01 1.114409e-02
1.681500e-01 1.080511e-02
1.710000e-01 1.046488e-02
1.738500e-01 1.012341e-02
1.767000e-01 9.780692e-03
1.795500e-01 9.436731e-03
1.824000e-01 9.091526e-03
1.852500e-01 8.745077e-03
1.881000e-01 8.397383e-03
1.909500e-01 8.048446e-03
1.938000e-01 7.698263e-03
1.966500e-01 7.346837e-03
1.995000e-01 6.994166e-03
2.023500e-01 6.640251e-03
2.052000e-01 6.285092e-03
2.080500e-01 5.928688e-03
2.109000e-01 5.571040e-03
2.137500e-01 5.212147e-03
2.166000e-01 4.852011e-03
2.194500e-01 4.490630e-03
2.223000e-01 4.128005e-03
2.251500e-01 3.764135e-03
2.280000e-01 3.399021e-03
2.308500e-01 3.032663e-03
2.337000e-01 2.665060e-03
2.365500e-01 2.296214e-03
2.394000e-01 1.926122e-03
2.422500e-01 1.554787e-03
2.451000e-01 1.182207e-03
2.479500e-01 8.083832e-04
2.508000e-01 4.333149e-04
2.536500e-01 5.700223e-05
2.565000e-01 -3.205547e-04
2.593500e-01 -6.993560e-04
2.622000e-01 -1.079402e-03
2.650500e-01 -1.460691e-03
2.679000e-01 -1.843226e-03
2.707500e-01 -2.227004e-03
2.736000e-01 -2.612027e-03
2.764500e-01 -2.998294e-03
2.793000e-01 -3.385806e-03
2.821500e-01 -3.774561e-03
2.850000e-01 -4.164561e-03
==
2.850000e-01 9.245598e-04
2.859550e-01 1.372721e-03
2.869100e-01 1.821853e-03
2.878650e-01 2.271955e-03
2.888200e-01 2.723028e-03
2.897750e-01 3.175071e-03
2.907300e-01 3.628084e-03
2.916850e-01 4.082068e-03
2.926400e-01 4.537022e-03
2.935950e-01 4.992946e-03
2.945500e-01 5.449841e-03
2.955050e-01 5.907706e-03
2.964600e-01 6.366542e-03
2.974150e-01 6.826348e-03
2.983700e-01 7.287124e-03
2.993250e-01 7.748871e-03
3.002800e-01 8.211588e-03
3.012350e-01 8.675276e-03
3.021900e-01 9.139934e-03
3.031450e-01 9.605562e-03
3.041000e-01 1.007216e-02
3.050550e-01 1.053973e-02
3.060100e-01 1.100827e-02
3.069650e-01 1.147778e-02
3.079200e-01 1.194826e-02
3.088750e-01 1.241971e-02
3.098300e-01 1.289213e-02
3.107850e-01 1.336552e-02
3.117400e-01 1.383988e-02
3.126950e-01 1.431522e-02
3.136500e-01 1.479152e-02
3.146050e-01 1.526879e-02
3.155600e-01 1.574704e-02
3.165150e-01 1.622625e-02
3.174700e-01 1.670643e-02
3.184250e-01 1.718759e-02
3.193800e-01 1.766971e-02
3.203350e-01 1.815281e-02
3.212900e-01 1.863687e-02
3.222450e-01 1.912191e-02
3.232000e-01 1.960792e-02
3.241550e-01 2.009489e-02
3.251100e-01 2.058284e-02
3.260650e-01 2.107176e-02
3.270200e-01 2.156165e-02
3.279750e-01 2.205250e-02
3.289300e-01 2.254433e-02
3.298850e-01 2.303713e-02
3.308400e-01 2.353090e-02
3.317950e-01 2.402564e-02
3.327500e-01 2.452135e-02
3.337050e-01 2.501803e-02
3.346600e-01 2.551568e-02
3.356150e-01 2.601431e-02
3.365700e-01 2.651390e-02
3.375250e-01 2.701446e-02
3.384800e-01 2.751599e-02
3.394350e-01 2.801849e-02
3.403900e-01 2.852197e-02
3.413450e-01 2.902641e-02
3.423000e-01 2.953183e-02
3.432550e-01 3.003821e-02
3.442100e-01 3.054557e-02
3.451650e-01 3.105389e-02
3.461200e-01 3.156319e-02
3.470750e-01 3.207345e-02
3.480300e-01 3.258469e-02
3.489850e-01 3.309690e-02
3.499400e-01 3.361007e-02
3.508950e-01 3.412422e-02
3.518500e-01 3.463934e-02
3.528050e-01 3.515543e-02
3.537600e-01 3.567249e-02
3.547150e-01 3.619052e-02
3.556700e-01 3.670951e-02
3.566250e-01 3.722948e-02
3.575800e-01 3.775043e-02
3.585350e-01 3.827234e-02
3.594900e-01 3.879522e-02
3.604450e-01 3.931907e-02
3.614000e-01 3.984389e-02
3.623550e-01 4.036968e-02
3.633100e-01 4.089645e-02
3.642650e-01 4.142418e-02
3.652200e-01 4.195288e-02
3.661750e-01 4.248256e-02
3.671300e-01 4.301320e-02
3.680850e-01 4.354481e-02
3.690400e-01 4.407740e-02
3.699950e-01 4.461095e-02
3.709500e-01 4.514548e-02
3.719050e-01 4.568098e-02
3.728600e-01 4.621744e-02
3.738150e-01 4.675488e-02
3.747700e-01 4.729329e-02
3.757250e-01 4.783266e-02
3.766800e-01 4.837301e-02
3.776350e-01 4.891433e-02
3.785900e-01 4.945662e-02
3.795450e-01 4.999988e-02
3.805000e-01 5.054411e-02
==
3.805000e-01 3.255644e-02
3.820000e-01 3.129795e-02
3.835000e-01 3.006471e-02
3.850000e-01 2.885673e-02
3.865000e-01 2.767400e-02
3.880000e-01 2.651653e-02
3.895000e-01 2.538431e-02
3.910000e-01 2.427735e-02
3.925000e-01 2.319564e-02
3.940000e-01 2.213919e-02
3.955000e-01 2.110799e-02
3.970000e-01 2.010205e-02
3.985000e-01 1.912136e-02
4.000000e-01 1.816592e-02
4.015000e-01 1.723574e-02
4.030000e-01 1.633082e-02
4.045000e-01 1.545115e-02
4.060000e-01 1.459674e-02
4.075000e-01 1.376758e-02
4.090000e-01 1.296367e-02
4.105000e-01 1.218502e-02
4.120000e-01 1.143163e-02
4.135000e-01 1.070348e-02
4.150000e-01 1.000060e-02
4.165000e-01 9.322968e-03
4.180000e-01 8.670592e-03
4.195000e-01 8.043471e-03
4.210000e-01 7.441605e-03
4.225000e-01 6.864993e-03
4.240000e-01 6.313636e-03
4.255000e-01 5.787534e-03
4.270000e-01 5.286687e-03
4.285000e-01 4.811095e-03
4.300000e-01 4.360757e-03
4.315000e-01 3.935675e-03
4.330000e-01 3.535847e-03
4.345000e-01 3.161274e-03
4.360000e-01 2.811956e-03
4.375000e-01 2.487892e-03
4.390000e-01 2.189084e-03
4.405000e-01 1.915530e-03
4.420000e-01 1.667231e-03
4.435000e-01 1.444187e-03
4.450000e-01 1.246398e-03
4.465000e-01 1.073864e-03
4.480000e-01 9.265842e-04
4.495000e-01 8.045594e-04
4.510000e-01 7.077895e-04
4.525000e-01 6.362744e-04
4.540000e-01 5.900141e-04
4.555000e-01 5.690087e-04
4.570000e-01 5.732581e-04
4.585000e-01 6.027623e-04
4.600000e-01 6.575213e-04
4.615000e-01 7.375351e-04
4.630000e-01 8.428038e-04
4.645000e-01 9.733273e-04
4.660000e-01 1.129106e-03
4.675000e-01 1.310139e-03
4.690000e-01 1.516427e-03
4.705000e-01 1.747970e-03
4.720000e-01 2.004767e-03
4.735000e-01 2.286820e-03
4.750000e-01 2.594127e-03
4.765000e-01 2.926689e-03
4.780000e-01 3.284506e-03
4.795000e-01 3.667578e-03
4.810000e-01 4.075904e-03
4.825000e-01 4.509486e-03
4.840000e-01 4.968322e-03
4.855000e-01 5.452413e-03
4.870000e-01 5.961759e-03
4.885000e-01 6.496359e-03
4.900000e-01 7.056215e-03
4.915000e-01 7.641325e-03
4.930000e-01 8.251690e-03
4.945000e-01 8.887310e-03
4.960000e-01 9.548185e-03
4.975000e-01 1.023431e-02
4.990000e-01 1.094570e-02
5.005000e-01 1.168234e-02
5.020000e-01 1.244423e-02
5.035000e-01 1.323138e-02
5.050000e-01 1.404379e-02
5.065000e-01 1.488144e-02
5.080000e-01 1.574436e-02
5.095000e-01 1.663253e-02
5.110000e-01 1.754595e-02
5.125000e-01 1.848463e-02
5.140000e-01 1.944856e-02
5.155000e-01 2.043775e-02
5.170000e-01 2.145219e-02
5.185000e-01 2.249189e-02
5.200000e-01 2.355684e-02
5.215000e-01 2.464705e-02
5.230000e-01 2.576251e-02
5.245000e-01 2.690322e-02
5.260000e-01 2.806919e-02
5.275000e-01 2.926042e-02
5.290000e-01 3.047690e-02
5.305000e-01 3.171864e-02
==
5.305000e-01 2.000239e-03
5.323783e-01 2.122677e-03
5.342567e-01 2.242308e-03
5.361350e-01 2.359130e-03
5.380133e-01 2.473145e-03
5.398917e-01 2.584353e-03
5.417700e-01 2.692753e-03
5.436483e-01 2.798345e-03
5.455267e-01 2.901129e-03
5.474050e-01 3.001106e-03
5.492833e-01 3.098275e-03
5.511617e-01 3.192637e-03
5.530400e-01 3.284191e-03
5.549183e-01 3.372937e-03
5.567967e-01 3.458876e-03
5.586750e-01 3.542007e-03
5.605533e-01 3.622330e-03
5.624317e-01 3.699846e-03
5.643100e-01 3.774554e-03
5.661883e-01 3.846454e-03
5.680667e-01 3.915547e-03
5.699450e-01 3.981832e-03
5.718233e-01 4.045309e-03
5.737017e-01 4.105979e-03
5.755800e-01 4.163841e-03
5.774583e-01 4.218896e-03
5.793367e-01 4.271143e-03
5.812150e-01 4.320582e-03
5.830933e-01 4.367213e-03
5.849717e-01 4.411037e-03
5.868500e-01 4.452054e-03
5.887283e-01 4.490262e-03
5.906067e-01 4.525663e-03
5.924850e-01 4.558256e-03
5.943633e-01 4.588042e-03
5.962417e-01 4.615020e-03
5.981200e-01 4.639190e-03
5.999983e-01 4.660553e-03
6.018767e-01 4.679108e-03
6.037550e-01 4.694856e-03
6.056333e-01 4.707795e-03
6.075117e-01 4.717927e-03
6.093900e-01 4.725252e-03
6.112683e-01 4.729769e-03
6.131467e-01 4.731478e-03
6.150250e-01 4.730379e-03
6.169033e-01 4.726473e-03
6.187817e-01 4.719760e-03
6.206600e-01 4.710238e-03
6.225383e-01 4.697909e-03
6.244167e-01 4.682772e-03
6.262950e-01 4.664828e-03
6.281733e-01 4.644076e-03
6.300517e-01 4.620516e-03
6.319300e-01 4.594149e-03
6.338083e-01 4.564974e-03
6.356867e-01 4.532991e-03
6.375650e-01 4.498201e-03
6.394433e-01 4.460603e-03
6.413217e-01 4.420198e-03
6.432000e-01 4.376984e-03
6.450783e-01 4.330964e-03
6.469567e-01 4.282135e-03
6.488350e-01 4.230499e-03
6.507133e-01 4.176055e-03
6.525917e-01 4.118804e-03
6.544700e-01 4.058744e-03
6.563483e-01 3.995878e-03
6.582267e-01 3.930203e-03
6.601050e-01 3.861721e-03
6.619833e-01 3.790432e-03
6.638617e-01 3.716334e-03
6.657400e-01 3.639429e-03
6.676183e-01 3.559717e-03
6.694967e-01 3.477196e-03
6.713750e-01 3.391868e-03
6.732533e-01 3.303733e-03
6.751317e-01 3.212790e-03
6.770100e-01 3.119039e-03
6.788883e-01 3.022480e-03
6.807667e-01 2.923114e-03
6.826450e-01 2.820940e-03
6.845233e-01 2.715959e-03
6.864017e-01 2.608170e-03
6.882800e-01 2.497573e-03
6.901583e-01 2.384168e-03
6.920367e-01 2.267956e-03
6.939150e-01 2.148937e-03
6.957933e-01 2.027109e-03
6.976717e-01 1.902474e-03
6.995500e-01 1.775031e-03
7.014283e-01 1.644781e-03
7.033067e-01 1.511723e-03
7.051850e-01 1.375858e-03
7.070633e-01 1.237184e-03
7.089417e-01 1.095703e-03
7.108200e-01 9.514148e-04
7.126983e-01 8.043186e-04
7.145767e-01 6.544148e-04
7.164550e-01 5.017033e-04
7.183333e-01 3.461841e-04
==
7.183333e-01 2.579151e-03
7.202117e-01 2.549348e-03
7.220900e-01 2.519364e-03
7.239683e-01 2.489199e-03
7.258467e-01 2.458854e-03
7.277250e-01 2.428328e-03
7.296033e-01 2.397621e-03
7.314817e-01 2.366733e-03
7.333600e-01 2.335664e-03
7.352383e-01 2.304414e-03
7.371167e-01 2.272984e-03
7.389950e-01 2.241372e-03
7.408733e-01 2.209580e-03
7.427517e-01 2.177607e-03
7.446300e-01 2.145454e-03
7.465083e-01 2.113119e-03
7.483867e-01 2.080604e-03
7.502650e-01 2.047907e-03
7.521433e-01 2.015030e-03
7.540217e-01 1.981972e-03
7.559000e-01 1.948734e-03
7.577783e-01 1.915314e-03
7.596567e-01 1.881714e-03
7.615350e-01 1.847932e-03
7.634133e-01 1.813970e-03
7.652917e-01 1.779827e-03
7.671700e-01 1.745504e-03
7.690483e-01 1.710999e-03
7.709267e-01 1.676314e-03
7.728050e-01 1.641447e-03
7.746833e-01 1.606400e-03
7.765617e-01 1.571173e-03
7.784400e-01 1.535764e-03
7.803183e-01 1.500174e-03
7.821967e-01 1.464404e-03
7.840750e-01 1.428453e-03
7.859533e-01 1.392321e-03
7.878317e-01 1.356008e-03
7.897100e-01 1.319514e-03
7.915883e-01 1.282840e-03
7.934667e-01 1.245984e-03
7.953450e-01 1.208948e-03
7.972233e-01 1.171731e-03
7.991017e-01 1.134333e-03
8.009800e-01 1.096755e-03
8.028583e-01 1.058995e-03
8.047367e-01 1.021055e-03
8.066150e-01 9.829336e-04
8.084933e-01 9.446316e-04
8.103717e-01 9.061488e-04
8.122500e-01 8.674852e-04
8.141283e-01 8.286407e-04
8.160067e-01 7.896154e-04
8.178850e-01 7.504093e-04
8.197633e-01 7.110223e-04
8.216417e-01 6.714545e-04
8.235200e-01 6.317059e-04
8.253983e-01 5.917764e-04
8.272767e-01 5.516661e-04
8.291550e-01 5.113750e-04
8.310333e-01 4.709031e-04
8.329117e-01 4.302503e-04
8.347900e-01 3.894167e-04
8.366683e-01 3.484022e-04
8.385467e-01 3.072070e-04
8.404250e-01 2.658309e-04
8.423033e-01 2.242740e-04
8.441817e-01 1.825362e-04
8.460600e-01 1.406176e-04
8.479383e-01 9.851821e-05
8.498167e-01 5.623797e-05
8.516950e-01 1.377689e-05
8.535733e-01 -2.886501e-05
8.554517e-01 -7.168775e-05
8.573300e-01 -1.146913e-04
8.592083e-01 -1.578757e-04
8.610867e-01 -2.012409e-04
8.629650e-01 -2.447870e-04
8.648433e-01 -2.885139e-04
8.667217e-01 -3.324216e-04
8.686000e-01 -3.765101e-04
8.704783e-01 -4.207795e-04
8.723567e-01 -4.652297e-04
8.742350e-01 -5.098607e-04
8.761133e-01 -5.546726e-04
8.779917e-01 -5.996653e-04
8.798700e-01 -6.448388e-04
8.817483e-01 -6.901932e-04
8.836267e-01 -7.357283e-04
8.855050e-01 -7.814444e-04
8.873833e-01 -8.273412e-04
8.892617e-01 -8.734189e-04
8.911400e-01 -9.196774e-04
8.930183e-01 -9.661167e-04
8.948967e-01 -1.012737e-03
8.967750e-01 -1.059538e-03
8.986533e-01 -1.106520e-03
9.005317e-01 -1.153682e-03
9.024100e-01 -1.201026e-03
9.042883e-01 -1.248550e-03
9.061667e-01 -1.296255e-03
==
9.061667e-01 5.232345e-03
9.080450e-01 5.049471e-03
9.099233e-01 4.869658e-03
9.118017e-01 4.692908e-03
9.136800e-01 4.519220e-03
9.155583e-01 4.348594e-03
9.174367e-01 4.181030e-03
9.193150e-01 4.016528e-03
9.211933e-01 3.855088e-03
9.230717e-01 3.696711e-03
9.249500e-01 3.541395e-03
9.268283e-01 3.389142e-03
9.287067e-01 3.239950e-03
9.305850e-01 3.093821e-03
9.324633e-01 2.950754e-03
9.343417e-01 2.810749e-03
9.362200e-01 2.673806e-03
9.380983e-01 2.539925e-03
9.399767e-01 2.409106e-03
9.418550e-01 2.281350e-03
9.437333e-01 2.156655e-03
9.456117e-01 2.035023e-03
9.474900e-01 1.916452e-03
9.493683e-01 1.800944e-03
9.512467e-01 1.688498e-03
9.531250e-01 1.579114e-03
9.550033e-01 1.472792e-03
9.568817e-01 1.369532e-03
9.587600e-01 1.269334e-03
9.606383e-01 1.172198e-03
9.625167e-01 1.078125e-03
9.643950e-01 9.871134e-04
9.662733e-01 8.991640e-04
9.681517e-01 8.142767e-04
9.700300e-01 7.324515e-04
9.719083e-01 6.536884e-04
9.737867e-01 5.779874e-04
9.756650e-01 5.053485e-04
9.775433e-01 4.357717e-04
9.794217e-01 3.692570e-04
9.813000e-01 3.058044e-04
9.831783e-01 2.454139e-04
9.850567e-01 1.880855e-04
9.869350e-01 1.338192e-04
9.888133e-01 8.261496e-05
9.906917e-01 3.447284e-05
9.925700e-01 -1.060718e-05
9.944483e-01 -5.262511e-05
9.963267e-01 -9.158093e-05
9.982050e-01 -1.274747e-04
1.000083e+00 -1.603063e-04
1.001962e+00 -1.900758e-04
1.003840e+00 -2.167833e-04
1.005718e+00 -2.404286e-04
1.007597e+00 -2.610118e-04
1.009475e+00 -2.785330e-04
1.011353e+00 -2.929920e-04
1.013232e+00 -3.043890e-04
1.015110e+00 -3.127238e-04
1.016988e+00 -3.179966e-04
1.018867e+00 -3.202072e-04
1.020745e+00 -3.193558e-04
1.022623e+00 -3.154422e-04
1.024502e+00 -3.084666e-04
1.026380e+00 -2.984288e-04
1.028258e+00 -2.853290e-04
1.030137e+00 -2.691671e-04
1.032015e+00 -2.499430e-04
1.033893e+00 -2.276569e-04
1.035772e+00 -2.023087e-04
1.037650e+00 -1.738983e-04
1.039528e+00 -1.424259e-04
1.041407e+00 -1.078914e-04
1.043285e+00 -7.029478e-05
1.045163e+00 -2.963607e-05
1.047042e+00 1.408475e-05
1.048920e+00 6.086766e-05
1.050798e+00 1.107127e-04
1.052677e+00 1.636198e-04
1.054555e+00 2.195890e-04
1.056433e+00 2.786203e-04
1.058312e+00 3.407137e-04
1.060190e+00 4.058692e-04
1.062068e+00 4.740868e-04
1.063947e+00 5.453665e-04
1.065825e+00 6.197083e-04
1.067703e+00 6.971122e-04
1.069582e+00 7.775782e-04
1.071460e+00 8.611062e-04
1.073338e+00 9.476964e-04
1.075217e+00 1.037349e-03
1.077095e+00 1.130063e-03
1.078973e+00 1.225840e-03
1.080852e+00 1.324678e-03
1.082730e+00 1.426579e-03
1.084608e+00 1.531542e-03
1.086487e+00 1.639566e-03
1.088365e+00 1.750653e-03
1.090243e+00 1.864802e-03
1.092122e+00 1.982014e-03
1.094000e+00 2.102287e-03
==
1.094000e+00 -3.210918e-03
1.098967e+00 -3.037992e-03
1.103933e+00 -2.868481e-03
1.108900e+00 -2.702386e-03
1.113866e+00 -2.539705e-03
1.118833e+00 -2.380439e-03
1.123799e+00 -2.224589e-03
1.128766e+00 -2.072153e-03
1.133732e+00 -1.923133e-03
1.138699e+00 -1.777527e-03
1.143665e+00 -1.635336e-03
1.148632e+00 -1.496561e-03
1.153598e+00 -1.361200e-03
1.158565e+00 -1.229254e-03
1.163531e+00 -1.100724e-03
1.168498e+00 -9.756081e-04
1.173464e+00 -8.539075e-04
1.178431e+00 -7.356219e-04
1.183397e+00 -6.207512e-04
1.188364e+00 -5.092956e-04
1.193330e+00 -4.012549e-04
1.198297e+00 -2.966293e-04
1.203263e+00 -1.954187e-04
1.208230e+00 -9.762301e-05
1.213196e+00 -3.242366e-06
1.218163e+00 8.772328e-05
1.223129e+00 1.752739e-04
1.228096e+00 2.594096e-04
1.233062e+00 3.401302e-04
1.238029e+00 4.174359e-04
1.242995e+00 4.913265e-04
1.247962e+00 5.618022e-04
1.252928e+00 6.288629e-04
1.257895e+00 6.925085e-04
1.262861e+00 7.527392e-04
1.267828e+00 8.095549e-04
1.272794e+00 8.629555e-04
1.277761e+00 9.129412e-04
1.282727e+00 9.595118e-04
1.287694e+00 1.002668e-03
1.292660e+00 1.042408e-03
1.297627e+00 1.078734e-03
1.302593e+00 1.111645e-03
1.307560e+00 1.141140e-03
1.312526e+00 1.167221e-03
1.317493e+00 1.189887e-03
1.322459e+00 1.209137e-03
1.327426e+00 1.224973e-03
1.332392e+00 1.237394e-03
1.337359e+00 1.246399e-03
1.342325e+00 1.251990e-03
1.347292e+00 1.254166e-03
1.352258e+00 1.252926e-03
1.357225e+00 1.248272e-03
1.362191e+00 1.240203e-03
1.367158e+00 1.228718e-03
1.372124e+00 1.213819e-03
1.377091e+00 1.195505e-03
1.382057e+00 1.173775e-03
1.387024e+00 1.148631e-03
1.391990e+00 1.120072e-03
1.396957e+00 1.088098e-03
1.401923e+00 1.052708e-03
1.406890e+00 1.013904e-03
1.411856e+00 9.716847e-04
1.416823e+00 9.260504e-04
1.421789e+00 8.770011e-04
1.426756e+00 8.245368e-04
1.431722e+00 7.686575e-04
1.436689e+00 7.093632e-04
1.441655e+00 6.466540e-04
1.446622e+00 5.805297e-04
1.451588e+00 5.109904e-04
1.456555e+00 4.380361e-04
1.461521e+00 3.616668e-04
1.466488e+00 2.818825e-04
1.471454e+00 1.986833e-04
1.476421e+00 1.120690e-04
1.481387e+00 2.203971e-05
1.486354e+00 -7.140456e-05
1.491320e+00 -1.682638e-04
1.496287e+00 -2.685381e-04
1.501253e+00 -3.722274e-04
1.506220e+00 -4.793316e-04
1.511186e+00 -5.898509e-04
1.516153e+00 -7.037852e-04
1.521119e+00 -8.211344e-04
1.526086e+00 -9.418987e-04
1.531052e+00 -1.066078e-03
1.536019e+00 -1.193672e-03
1.540985e+00 -1.324681e-03
1.545952e+00 -1.459106e-03
1.550918e+00 -1.596945e-03
1.555885e+00 -1.738199e-03
1.560851e+00 -1.882869e-03
1.565818e+00 -2.030953e-03
1.570784e+00 -2.182452e-03
1.575751e+00 -2.337366e-03
1.580717e+00 -2.495696e-03
1.585684e+00 -2.657440e-03
1.590650e+00 -2.822599e-03
==
1.590650e+00 4.528826e-03
1.594635e+00 4.312560e-03
1.598620e+00 4.101658e-03
1.602605e+00 3.896119e-03
1.606590e+00 3.695943e-03
1.610575e+00 3.501130e-03
1.614560e+00 3.311681e-03
1.618545e+00 3.127594e-03
1.622530e+00 2.948871e-03
1.626515e+00 2.775512e-03
1.630500e+00 2.607515e-03
1.634485e+00 2.444882e-03
1.638470e+00 2.287612e-03
1.642455e+00 2.135705e-03
1.646440e+00 1.989162e-03
1.650425e+00 1.847982e-03
1.654410e+00 1.712165e-03
1.658395e+00 1.581711e-03
1.662380e+00 1.456621e-03
1.666365e+00 1.336894e-03
1.670350e+00 1.222530e-03
1.674335e+00 1.113529e-03
1.678320e+00 1.009892e-03
1.682305e+00 9.116174e-04
1.686290e+00 8.187065e-04
1.690275e+00 7.311588e-04
1.694260e+00 6.489744e-04
1.698245e+00 5.721532e-04
1.702230e+00 5.006953e-04
1.706215e+00 4.346007e-04
1.710200e+00 3.738692e-04
1.714185e+00 3.185011e-04
1.718170e+00 2.684962e-04
1.722155e+00 2.238545e-04
1.726140e+00 1.845761e-04
1.730125e+00 1.506610e-04
1.734110e+00 1.221091e-04
1.738095e+00 9.892046e-05
1.742080e+00 8.109507e-05
1.746065e+00 6.863293e-05
1.750050e+00 6.153404e-05
1.754035e+00 5.979841e-05
1.758020e+00 6.342603e-05
1.762005e+00 7.241689e-05
1.765990e+00 8.677101e-05
1.769975e+00 1.064884e-04
1.773960e+00 1.315690e-04
1.777945e+00 1.620129e-04
1.781930e+00 1.978200e-04
1.785915e+00 2.389904e-04
1.789900e+00 2.855240e-04
1.793885e+00 3.374209e-04
1.797870e+00 3.946810e-04
1.801855e+00 4.573044e-04
1.805840e+00 5.252911e-04
1.809825e+00 5.986410e-04
1.813810e+00 6.773541e-04
1.817795e+00 7.614305e-04
1.821780e+00 8.508702e-04
1.825765e+00 9.456731e-04
1.829750e+00 1.045839e-03
1.833735e+00 1.151369e-03
1.837720e+00 1.262261e-03
1.841705e+00 1.378517e-03
1.845690e+00 1.500136e-03
1.849675e+00 1.627119e-03
1.853660e+00 1.759464e-03
1.857645e+00 1.897173e-03
1.861630e+00 2.040245e-03
1.865615e+00 2.188681e-03
1.869600e+00 2.342480e-03
1.873585e+00 2.501641e-03
1.877570e+00 2.666167e-03
1.881555e+00 2.836055e-03
1.885540e+00 3.011307e-03
1.889525e+00 3.191922e-03
1.893510e+00 3.377900e-03
1.897495e+00 3.569241e-03
1.901480e+00 3.765946e-03
1.905465e+00 3.968014e-03
1.909450e+00 4.175445e-03
1.913435e+00 4.388240e-03
1.917420e+00 4.606397e-03
1.921405e+00 4.829918e-03
1.925390e+00 5.058802e-03
1.929375e+00 5.293050e-03
1.933360e+00 5.532661e-03
1.937345e+00 5.777634e-03
1.941330e+00 6.027972e-03
1.945315e+00 6.283672e-03
1.949300e+00 6.544736e-03
1.953285e+00 6.811163e-03
1.957270e+00 7.082953e-03
1.961255e+00 7.360107e-03
1.965240e+00 7.642623e-03
1.969225e+00 7.930503e-03
1.973210e+00 8.223746e-03
1.977195e+00 8.522353e-03
1.981180e+00 8.826323e-03
1.985165e+00 9.135656e-03
1.989150e+00 9.450352e-03
==
1.989150e+00 -1.861272e-03
1.995150e+00 -1.333272e-03
2.001150e+00 -7.914149e-04
2.007150e+00 -2.357011e-04
2.013150e+00 3.338694e-04
2.019150e+00 9.172968e-04
2.025150e+00 1.514581e-03
2.031150e+00 2.125722e-03
2.037150e+00 2.750719e-03
2.043150e+00 3.389574e-03
2.049150e+00 4.042285e-03
2.055150e+00 4.708852e-03
2.061150e+00 5.389277e-03
2.067150e+00 6.083558e-03
2.073150e+00 6.791696e-03
2.079150e+00 7.513691e-03
2.085150e+00 8.249543e-03
2.091150e+00 8.999251e-03
2.097150e+00 9.762816e-03
2.103150e+00 1.054024e-02
2.109150e+00 1.133152e-02
2.115150e+00 1.213665e-02
2.121150e+00 1.295564e-02
2.127150e+00 1.378849e-02
2.133150e+00 1.463520e-02
2.139150e+00 1.549576e-02
2.145150e+00 1.637018e-02
2.151150e+00 1.725846e-02
2.157150e+00 1.816059e-02
2.163150e+00 1.907658e-02
2.169150e+00 2.000642e-02
2.175150e+00 2.095013e-02
2.181150e+00 2.190769e-02
2.187150e+00 2.287910e-02
2.193150e+00 2.386438e-02
2.199150e+00 2.486351e-02
2.205150e+00 2.587649e-02
2.211150e+00 2.690334e-02
2.217150e+00 2.794404e-02
2.223150e+00 2.899859e-02
2.229150e+00 3.006701e-02
2.235150e+00 3.114928e-02
2.241150e+00 3.224540e-02
2.247150e+00 3.335539e-02
2.253150e+00 3.447923e-02
2.259150e+00 3.561693e-02
2.265150e+00 3.676848e-02
2.271150e+00 3.793389e-02
2.277150e+00 3.911316e-02
2.283150e+00 4.030628e-02
2.289150e+00 4.151326e-02
2.295150e+00 4.273410e-02
2.301150e+00 4.396880e-02
2.307150e+00 4.521735e-02
2.313150e+00 4.647976e-02
2.319150e+00 4.775602e-02
2.325150e+00 4.904614e-02
2.331150e+00 5.035012e-02
2.337150e+00 5.166796e-02
2.343150e+00 5.299965e-02
2.349150e+00 5.434520e-02
2.355150e+00 5.570460e-02
2.361150e+00 5.707787e-02
2.367150e+00 5.846498e-02
2.373150e+00 5.986596e-02
2.379150e+00 6.128079e-02
2.385150e+00 6.270948e-02
2.391150e+00 6.415203e-02
2.397150e+00 6.560843e-02
2.403150e+00 6.707869e-02
2.409150e+00 6.856281e-02
2.415150e+00 7.006078e-02
2.421150e+00 7.157261e-02
2.427150e+00 7.309830e-02
2.433150e+00 7.463784e-02
2.439150e+00 7.619124e-02
2.445150e+00 7.775850e-02
2.451150e+00 7.933961e-02
2.457150e+00 8.093458e-02
2.463150e+00 8.254341e-02
2.469150e+00 8.416609e-02
2.475150e+00 8.580263e-02
2.481150e+00 8.745303e-02
2.487150e+00 8.911728e-02
2.493150e+00 9.079539e-02
2.499150e+00 9.248736e-02
2.505150e+00 9.419318e-02
2.511150e+00 9.591287e-02
2.517150e+00 9.764640e-02
2.523150e+00 9.939380e-02
2.529150e+00 1.011550e-01
2.535150e+00 1.029302e-01
2.541150e+00 1.047191e-01
2.547150e+00 1.065219e-01
2.553150e+00 1.083386e-01
2.559150e+00 1.101692e-01
2.565150e+00 1.120135e-01
2.571150e+00 1.138718e-01
2.577150e+00 1.157439e-01
2.583150e+00 1.176299e-01
2.589150e+00 1.195297e-01
==
2.589150e+00 1.194884e-01
2.595150e+00 1.175884e-01
2.601150e+00 1.157024e-01
2.607150e+00 1.138302e-01
2.613150e+00 1.119720e-01
2.619150e+00 1.101276e-01
2.625150e+00 1.082970e-01
2.631150e+00 1.064804e-01
2.637150e+00 1.046776e-01
2.643150e+00 1.028887e-01
2.649150e+00 1.011137e-01
2.655150e+00 9.935258e-02
2.661150e+00 9.760533e-02
2.667150e+00 9.587195e-02
2.673150e+00 9.415245e-02
2.679150e+00 9.244683e-02
2.685150e+00 9.075509e-02
2.691150e+00 8.907722e-02
2.697150e+00 8.741324e-02
2.703150e+00 8.576313e-02
2.709150e+00 8.412690e-02
2.715150e+00 8.250455e-02
2.721150e+00 8.089608e-02
2.727150e+00 7.930148e-02
2.733150e+00 7.772077e-02
2.739150e+00 7.615393e-02
2.745150e+00 7.460097e-02
2.751150e+00 7.306189e-02
2.757150e+00 7.153669e-02
2.763150e+00 7.002536e-02
2.769150e+00 6.852792e-02
2.775150e+00 6.704435e-02
2.781150e+00 6.557466e-02
2.787150e+00 6.411885e-02
2.793150e+00 6.267692e-02
2.799150e+00 6.124886e-02
2.805150e+00 5.983468e-02
2.811150e+00 5.843439e-02
2.817150e+00 5.704797e-02
2.823150e+00 5.567543e-02
2.829150e+00 5.431676e-02
2.835150e+00 5.297198e-02
2.841150e+00 5.164107e-02
2.847150e+00 5.032404e-02
2.853150e+00 4.902089e-02
2.859150e+00 4.773162e-02
2.865150e+00 4.645623e-02
2.871150e+00 4.519472e-02
2.877150e+00 4.394708e-02
2.883150e+00 4.271332e-02
2.889150e+00 4.149344e-02
2.895150e+00 4.028744e-02
2.901150e+00 3.909532e-02
2.907150e+00 3.791707e-02
2.913150e+00 3.675271e-02
2.919150e+00 3.560222e-02
2.925150e+00 3.446561e-02
2.931150e+00 3.334288e-02
2.937150e+00 3.223402e-02
2.943150e+00 3.113905e-02
2.949150e+00 3.005795e-02
2.955150e+00 2.899073e-02
2.961150e+00 2.793739e-02
2.967150e+00 2.689793e-02
2.973150e+00 2.587235e-02
2.979150e+00 2.486064e-02
2.985150e+00 2.386282e-02
2.991150e+00 2.287887e-02
2.997150e+00 2.190880e-02
3.003150e+00 2.095261e-02
3.009150e+00 2.001029e-02
3.015150e+00 1.908186e-02
3.021150e+00 1.816730e-02
3.027150e+00 1.726662e-02
3.033150e+00 1.637982e-02
3.039150e+00 1.550690e-02
3.045150e+00 1.464786e-02
3.051150e+00 1.380269e-02
3.057150e+00 1.297140e-02
3.063150e+00 1.215400e-02
3.069150e+00 1.135046e-02
3.075150e+00 1.056081e-02
3.081150e+00 9.785039e-03
3.087150e+00 9.023144e-03
3.093150e+00 8.275127e-03
3.099150e+00 7.540988e-03
3.105150e+00 6.820728e-03
3.111150e+00 6.114345e-03
3.117150e+00 5.421842e-03
3.123150e+00 4.743216e-03
3.129150e+00 4.078469e-03
3.135150e+00 3.427600e-03
3.141150e+00 2.790610e-03
3.147150e+00 2.167497e-03
3.153150e+00 1.558264e-03
3.159150e+00 9.629080e-04
3.165150e+00 3.814308e-04
3.171150e+00 -1.861682e-04
3.177150e+00 -7.398888e-04
3.183150e+00 -1.279731e-03
3.189150e+00 -1.805695e-03
==
3.189150e+00 9.215881e-03
3.193135e+00 8.910883e-03
3.197120e+00 8.611075e-03
3.201105e+00 8.316455e-03
3.205090e+00 8.027025e-03
3.209075e+00 7.742784e-03
3.213060e+00 7.463733e-03
3.217045e+00 7.189870e-03
3.221030e+00 6.921197e-03
3.225015e+00 6.657713e-03
3.229000e+00 6.399418e-03
3.232985e+00 6.146312e-03
3.236970e+00 5.898395e-03
3.240955e+00 5.655668e-03
3.244940e+00 5.418130e-03
3.248925e+00 5.185781e-03
3.252910e+00 4.958621e-03
3.256895e+00 4.736650e-03
3.260880e+00 4.519869e-03
3.264865e+00 4.308276e-03
3.268850e+00 4.101873e-03
3.272835e+00 3.900659e-03
3.276820e+00 3.704634e-03
3.280805e+00 3.513799e-03
3.284790e+00 3.328152e-03
3.288775e+00 3.147695e-03
3.292760e+00 2.972427e-03
3.296745e+00 2.802348e-03
3.300730e+00 2.637458e-03
3.304715e+00 2.477758e-03
3.308700e+00 2.323246e-03
3.312685e+00 2.173924e-03
3.316670e+00 2.029791e-03
3.320655e+00 1.890848e-03
3.324640e+00 1.757093e-03
3.328625e+00 1.628527e-03
3.332610e+00 1.505151e-03
3.336595e+00 1.386964e-03
3.340580e+00 1.273966e-03
3.344565e+00 1.166157e-03
3.348550e+00 1.063538e-03
3.352535e+00 9.661076e-04
3.356520e+00 8.738664e-04
3.360505e+00 7.868144e-04
3.364490e+00 7.049516e-04
3.368475e+00 6.282779e-04
3.372460e+00 5.567935e-04
3.376445e+00 4.904982e-04
3.380430e+00 4.293921e-04
3.384415e+00 3.734752e-04
3.388400e+00 3.227474e-04
3.392385e+00 2.772089e-04
3.396370e+00 2.368595e-04
3.400355e+00 2.016993e-04
3.404340e+00 1.717283e-04
3.408325e+00 1.469465e-04
3.412310e+00 1.273538e-04
3.416295e+00 1.129503e-04
3.420280e+00 1.037360e-04
3.424265e+00 9.971093e-05
3.428250e+00 1.008750e-04
3.432235e+00 1.072283e-04
3.436220e+00 1.187707e-04
3.440205e+00 1.355023e-04
3.444190e+00 1.574231e-04
3.448175e+00 1.845331e-04
3.452160e+00 2.168322e-04
3.456145e+00 2.543205e-04
3.460130e+00 2.969981e-04
3.464115e+00 3.448648e-04
3.468100e+00 3.979206e-04
3.472085e+00 4.561657e-04
3.476070e+00 5.195999e-04
3.480055e+00 5.882233e-04
3.484040e+00 6.620359e-04
3.488025e+00 7.410377e-04
3.492010e+00 8.252287e-04
3.495995e+00 9.146088e-04
3.499980e+00 1.009178e-03
3.503965e+00 1.108937e-03
3.507950e+00 1.213884e-03
3.511935e+00 1.324021e-03
3.515920e+00 1.439347e-03
3.519905e+00 1.559862e-03
3.523890e+00 1.685567e-03
3.527875e+00 1.816460e-03
3.531860e+00 1.952543e-03
3.535845e+00 2.093815e-03
3.539830e+00 2.240276e-03
3.543815e+00 2.391927e-03
3.547800e+00 2.548766e-03
3.551785e+00 2.710795e-03
3.555770e+00 2.878013e-03
3.559755e+00 3.050420e-03
3.563740e+00 3.228016e-03
3.567725e+00 3.410801e-03
3.571710e+00 3.598776e-03
3.575695e+00 3.791940e-03
3.579680e+00 3.990292e-03
3.583665e+00 4.193835e-03
3.587650e+00 4.402566e-03
==
3.587650e+00 -2.760981e-03
3.592617e+00 -2.598095e-03
3.597583e+00 -2.438589e-03
3.602550e+00 -2.282465e-03
3.607516e+00 -2.129721e-03
3.612483e+00 -1.980358e-03
3.617449e+00 -1.834375e-03
3.622416e+00 -1.691774e-03
3.627382e+00 -1.552553e-03
3.632349e+00 -1.416713e-03
3.637315e+00 -1.284254e-03
3.642282e+00 -1.155176e-03
3.647248e+00 -1.029479e-03
3.652215e+00 -9.071620e-04
3.657181e+00 -7.882261e-04
3.662148e+00 -6.726710e-04
3.667114e+00 -5.604967e-04
3.672081e+00 -4.517032e-04
3.677047e+00 -3.462905e-04
3.682014e+00 -2.442586e-04
3.686980e+00 -1.456075e-04
3.691947e+00 -5.033717e-05
3.696913e+00 4.155236e-05
3.701880e+00 1.300611e-04
3.706846e+00 2.151890e-04
3.711813e+00 2.969362e-04
3.716779e+00 3.753025e-04
3.721746e+00 4.502880e-04
3.726712e+00 5.218928e-04
3.731679e+00 5.901168e-04
3.736645e+00 6.549599e-04
3.741612e+00 7.164223e-04
3.746578e+00 7.745039e-04
3.751545e+00 8.292046e-04
3.756511e+00 8.805246e-04
3.761478e+00 9.284638e-04
3.766444e+00 9.730222e-04
3.771411e+00 1.014200e-03
3.776377e+00 1.051997e-03
3.781344e+00 1.086413e-03
3.786310e+00 1.117448e-03
3.791277e+00 1.145102e-03
3.796243e+00 1.169376e-03
3.801210e+00 1.190269e-03
3.806176e+00 1.207781e-03
3.811143e+00 1.221912e-03
3.816109e+00 1.232662e-03
3.821076e+00 1.240032e-03
3.826042e+00 1.244021e-03
3.831009e+00 1.244629e-03
3.835975e+00 1.241856e-03
3.840942e+00 1.235703e-03
3.845908e+00 1.226168e-03
3.850875e+00 1.213253e-03
3.855841e+00 1.196957e-03
3.860808e+00 1.177281e-03
3.865774e+00 1.154223e-03
3.870741e+00 1.127785e-03
3.875707e+00 1.097966e-03
3.880674e+00 1.064766e-03
3.885640e+00 1.028185e-03
3.890607e+00 9.882235e-04
3.895573e+00 9.448812e-04
3.900540e+00 8.981581e-04
3.905506e+00 8.480542e-04
3.910473e+00 7.945696e-04
3.915439e+00 7.377041e-04
3.920406e+00 6.774578e-04
3.925372e+00 6.138308e-04
3.930339e+00 5.468229e-04
3.935305e+00 4.764343e-04
3.940272e+00 4.026648e-04
3.945238e+00 3.255146e-04
3.950205e+00 2.449836e-04
3.955171e+00 1.610717e-04
3.960138e+00 7.377910e-05
3.965104e+00 -1.689432e-05
3.970071e+00 -1.109485e-04
3.975037e+00 -2.083835e-04
3.980004e+00 -3.091994e-04
3.984970e+00 -4.133960e-04
3.989937e+00 -5.209733e-04
3.994903e+00 -6.319315e-04
3.999870e+00 -7.462705e-04
4.004836e+00 -8.639903e-04
4.009803e+00 -9.850909e-04
4.014769e+00 -1.109572e-03
4.019736e+00 -1.237434e-03
4.024702e+00 -1.368677e-03
4.029669e+00 -1.503301e-03
4.034635e+00 -1.641306e-03
4.039602e+00 -1.782691e-03
4.044568e+00 -1.927457e-03
4.049535e+00 -2.075604e-03
4.054501e+00 -2.227132e-03
4.059468e+00 -2.382040e-03
4.064434e+00 -2.540330e-03
4.069401e+00 -2.702000e-03
4.074367e+00 -2.867051e-03
4.079334e+00 -3.035482e-03
4.084300e+00 -3.207295e-03
==
4.084300e+00 2.076315e-03
4.086178e+00 1.956127e-03
4.088057e+00 1.839016e-03
4.089935e+00 1.724979e-03
4.091813e+00 1.614018e-03
4.093692e+00 1.506132e-03
4.095570e+00 1.401321e-03
4.097448e+00 1.299586e-03
4.099327e+00 1.200925e-03
4.101205e+00 1.105341e-03
4.103083e+00 1.012831e-03
4.104962e+00 9.233967e-04
4.106840e+00 8.370378e-04
4.108718e+00 7.537541e-04
4.110597e+00 6.735457e-04
4.112475e+00 5.964126e-04
4.114353e+00 5.223548e-04
4.116232e+00 4.513723e-04
4.118110e+00 3.834651e-04
4.119988e+00 3.186332e-04
4.121867e+00 2.568766e-04
4.123745e+00 1.981953e-04
4.125623e+00 1.425893e-04
4.127502e+00 9.005855e-05
4.129380e+00 4.060311e-05
4.131258e+00 -5.777034e-06
4.133137e+00 -4.908188e-05
4.135015e+00 -8.931144e-05
4.136893e+00 -1.264657e-04
4.138772e+00 -1.605447e-04
4.140650e+00 -1.915483e-04
4.142528e+00 -2.194767e-04
4.144407e+00 -2.443298e-04
4.146285e+00 -2.661076e-04
4.148163e+00 -2.848101e-04
4.150042e+00 -3.004373e-04
4.151920e+00 -3.129892e-04
4.153798e+00 -3.224659e-04
4.155677e+00 -3.288672e-04
4.157555e+00 -3.321932e-04
4.159433e+00 -3.324439e-04
4.161312e+00 -3.296194e-04
4.163190e+00 -3.237195e-04
4.165068e+00 -3.147444e-04
4.166947e+00 -3.026940e-04
4.168825e+00 -2.875682e-04
4.170703e+00 -2.693672e-04
4.172582e+00 -2.480909e-04
4.174460e+00 -2.237393e-04
4.176338e+00 -1.963124e-04
4.178217e+00 -1.658102e-04
4.180095e+00 -1.322327e-04
4.181973e+00 -9.557989e-05
4.183852e+00 -5.585181e-05
4.185730e+00 -1.304844e-05
4.187608e+00 3.283023e-05
4.189487e+00 8.178419e-05
4.191365e+00 1.338134e-04
4.193243e+00 1.889180e-04
4.195122e+00 2.470978e-04
4.197000e+00 3.083530e-04
4.198878e+00 3.726834e-04
4.200757e+00 4.400891e-04
4.202635e+00 5.105701e-04
4.204513e+00 5.841265e-04
4.206392e+00 6.607581e-04
4.208270e+00 7.404650e-04
4.210148e+00 8.232472e-04
4.212027e+00 9.091046e-04
4.213905e+00 9.980374e-04
4.215783e+00 1.090045e-03
4.217662e+00 1.185129e-03
4.219540e+00 1.283288e-03
4.221418e+00 1.384521e-03
4.223297e+00 1.488831e-03
4.225175e+00 1.596215e-03
4.227053e+00 1.706675e-03
4.228932e+00 1.820210e-03
4.230810e+00 1.936821e-03
4.232688e+00 2.056506e-03
4.234567e+00 2.179267e-03
4.236445e+00 2.305104e-03
4.238323e+00 2.434015e-03
4.240202e+00 2.566002e-03
4.242080e+00 2.701064e-03
4.243958e+00 2.839202e-03
4.245837e+00 2.980415e-03
4.247715e+00 3.124703e-03
4.249593e+00 3.272066e-03
4.251472e+00 3.422505e-03
4.253350e+00 3.576019e-03
4.255228e+00 3.732608e-03
4.257107e+00 3.892272e-03
4.258985e+00 4.055012e-03
4.260863e+00 4.220827e-03
4.262742e+00 4.389718e-03
4.264620e+00 4.561684e-03
4.266498e+00 4.736725e-03
4.268377e+00 4.914841e-03
4.270255e+00 5.096032e-03
4.272133e+00 5.280299e-03
==
4.272133e+00 -1.328210e-03
4.274012e+00 -1.279319e-03
4.275890e+00 -1.230632e-03
4.277768e+00 -1.182149e-03
4.279647e+00 -1.133871e-03
4.281525e+00 -1.085797e-03
4.283403e+00 -1.037927e-03
4.285282e+00 -9.902609e-04
4.287160e+00 -9.427993e-04
4.289038e+00 -8.955421e-04
4.290917e+00 -8.484890e-04
4.292795e+00 -8.016402e-04
4.294673e+00 -7.549957e-04
4.296552e+00 -7.085553e-04
4.298430e+00 -6.623192e-04
4.300308e+00 -6.162874e-04
4.302187e+00 -5.704597e-04
4.304065e+00 -5.248363e-04
4.305943e+00 -4.794172e-04
4.307822e+00 -4.342023e-04
4.309700e+00 -3.891916e-04
4.311578e+00 -3.443851e-04
4.313457e+00 -2.997829e-04
4.315335e+00 -2.553849e-04
4.317213e+00 -2.111912e-04
4.319092e+00 -1.672016e-04
4.320970e+00 -1.234164e-04
4.322848e+00 -7.983530e-05
4.324727e+00 -3.645849e-05
4.326605e+00 6.714088e-06
4.328483e+00 4.968243e-05
4.330362e+00 9.244654e-05
4.332240e+00 1.350064e-04
4.334118e+00 1.773621e-04
4.335997e+00 2.195135e-04
4.337875e+00 2.614606e-04
4.339753e+00 3.032036e-04
4.341632e+00 3.447423e-04
4.343510e+00 3.860767e-04
4.345388e+00 4.272070e-04
4.347267e+00 4.681330e-04
4.349145e+00 5.088547e-04
4.351023e+00 5.493722e-04
4.352902e+00 5.896855e-04
4.354780e+00 6.297946e-04
4.356658e+00 6.696994e-04
4.358537e+00 7.094000e-04
4.360415e+00 7.488964e-04
4.362293e+00 7.881885e-04
4.364172e+00 8.272764e-04
4.366050e+00 8.661600e-04
4.367928e+00 9.048394e-04
4.369807e+00 9.433146e-04
4.371685e+00 9.815855e-04
4.373563e+00 1.019652e-03
4.375442e+00 1.057515e-03
4.377320e+00 1.095173e-03
4.379198e+00 1.132627e-03
4.381077e+00 1.169877e-03
4.382955e+00 1.206922e-03
4.384833e+00 1.243764e-03
4.386712e+00 1.280401e-03
4.388590e+00 1.316833e-03
4.390468e+00 1.353062e-03
4.392347e+00 1.389086e-03
4.394225e+00 1.424907e-03
4.396103e+00 1.460522e-03
4.397982e+00 1.495934e-03
4.399860e+00 1.531142e-03
4.401738e+00 1.566145e-03
4.403617e+00 1.600944e-03
4.405495e+00 1.635538e-03
4.407373e+00 1.669929e-03
4.409252e+00 1.704115e-03
4.411130e+00 1.738097e-03
4.413008e+00 1.771875e-03
4.414887e+00 1.805448e-03
4.416765e+00 1.838818e-03
4.418643e+00 1.871983e-03
4.420522e+00 1.904944e-03
4.422400e+00 1.937700e-03
4.424278e+00 1.970253e-03
4.426157e+00 2.002601e-03
4.428035e+00 2.034745e-03
4.429913e+00 2.066684e-03
4.431792e+00 2.098420e-03
4.433670e+00 2.129951e-03
4.435548e+00 2.161278e-03
4.437427e+00 2.192401e-03
4.439305e+00 2.223319e-03
4.441183e+00 2.254033e-03
4.443062e+00 2.284544e-03
4.444940e+00 2.314849e-03
4.446818e+00 2.344951e-03
4.448697e+00 2.374848e-03
4.450575e+00 2.404541e-03
4.452453e+00 2.434030e-03
4.454332e+00 2.463315e-03
4.456210e+00 2.492395e-03
4.458088e+00 2.521271e-03
4.459967e+00 2.549943e-03
==
4.459967e+00 3.748055e-04
4.461845e+00 5.276516e-04
4.463723e+00 6.777515e-04
4.465602e+00 8.251051e-04
4.467480e+00 9.697125e-04
4.469358e+00 1.111574e-03
4.471237e+00 1.250689e-03
4.473115e+00 1.387057e-03
4.474993e+00 1.520680e-03
4.476872e+00 1.651556e-03
4.478750e+00 1.779686e-03
4.480628e+00 1.905070e-03
4.482507e+00 2.027707e-03
4.484385e+00 2.147599e-03
4.486263e+00 2.264744e-03
4.488142e+00 2.379143e-03
4.490020e+00 2.490795e-03
4.491898e+00 2.599702e-03
4.493777e+00 2.705862e-03
4.495655e+00 2.809276e-03
4.497533e+00 2.909944e-03
4.499412e+00 3.007865e-03
4.501290e+00 3.103040e-03
4.503168e+00 3.195469e-03
4.505047e+00 3.285152e-03
4.506925e+00 3.372089e-03
4.508803e+00 3.456279e-03
4.510682e+00 3.537723e-03
4.512560e+00 3.616421e-03
4.514438e+00 3.692373e-03
4.516317e+00 3.765578e-03
4.518195e+00 3.836037e-03
4.520073e+00 3.903750e-03
4.521952e+00 3.968717e-03
4.523830e+00 4.030937e-03
4.525708e+00 4.090411e-03
4.527587e+00 4.147139e-03
4.529465e+00 4.201121e-03
4.531343e+00 4.252357e-03
4.533222e+00 4.300846e-03
4.535100e+00 4.346589e-03
4.536978e+00 4.389586e-03
4.538857e+00 4.429837e-03
4.540735e+00 4.467341e-03
4.542613e+00 4.502099e-03
4.544492e+00 4.534111e-03
4.546370e+00 4.563377e-03
4.548248e+00 4.589896e-03
4.550127e+00 4.613669e-03
4.552005e+00 4.634696e-03
4.553883e+00 4.652977e-03
4.555762e+00 4.668512e-03
4.557640e+00 4.681300e-03
4.559518e+00 4.691342e-03
4.561397e+00 4.698638e-03
4.563275e+00 4.703187e-03
4.565153e+00 4.704991e-03
4.567032e+00 4.704048e-03
4.568910e+00 4.700359e-03
4.570788e+00 4.693924e-03
4.572667e+00 4.684742e-03
4.574545e+00 4.672814e-03
4.576423e+00 4.658140e-03
4.578302e+00 4.640720e-03
4.580180e+00 4.620553e-03
4.582058e+00 4.597641e-03
4.583937e+00 4.571982e-03
4.585815e+00 4.543577e-03
4.587693e+00 4.512425e-03
4.589572e+00 4.478528e-03
4.591450e+00 4.441884e-03
4.593328e+00 4.402494e-03
4.595207e+00 4.360357e-03
4.597085e+00 4.315475e-03
4.598963e+00 4.267846e-03
4.600842e+00 4.217471e-03
4.602720e+00 4.164350e-03
4.604598e+00 4.108482e-03
4.606477e+00 4.049868e-03
4.608355e+00 3.988508e-03
4.610233e+00 3.924402e-03
4.612112e+00 3.857550e-03
4.613990e+00 3.787951e-03
4.615868e+00 3.715606e-03
4.617747e+00 3.640515e-03
4.619625e+00 3.562678e-03
4.621503e+00 3.482094e-03
4.623382e+00 3.398764e-03
4.625260e+00 3.312688e-03
4.627138e+00 3.223866e-03
4.629017e+00 3.132298e-03
4.630895e+00 3.037983e-03
4.632773e+00 2.940922e-03
4.634652e+00 2.841115e-03
4.636530e+00 2.738561e-03
4.638408e+00 2.633262e-03
4.640287e+00 2.525216e-03
4.642165e+00 2.414424e-03
4.644043e+00 2.300885e-03
4.645922e+00 2.184601e-03
4.647800e+00 2.065570e-03
==
4.647800e+00 3.171814e-02
4.649300e+00 3.047526e-02
4.650800e+00 2.925761e-02
4.652300e+00 2.806521e-02
4.653800e+00 2.689804e-02
4.655300e+00 2.575611e-02
4.656800e+00 2.463941e-02
4.658300e+00 2.354796e-02
4.659800e+00 2.248175e-02
4.661300e+00 2.144077e-02
4.662800e+00 2.042503e-02
4.664300e+00 1.943453e-02
4.665800e+00 1.846927e-02
4.667300e+00 1.752925e-02
4.668800e+00 1.661446e-02
4.670300e+00 1.572491e-02
4.671800e+00 1.486060e-02
4.673300e+00 1.402153e-02
4.674800e+00 1.320770e-02
4.676300e+00 1.241911e-02
4.677800e+00 1.165575e-02
4.679300e+00 1.091764e-02
4.680800e+00 1.020476e-02
4.682300e+00 9.517118e-03
4.683800e+00 8.854716e-03
4.685300e+00 8.217552e-03
4.686800e+00 7.605627e-03
4.688300e+00 7.018940e-03
4.689800e+00 6.457491e-03
4.691300e+00 5.921281e-03
4.692800e+00 5.410309e-03
4.694300e+00 4.924575e-03
4.695800e+00 4.464080e-03
4.697300e+00 4.028823e-03
4.698800e+00 3.618804e-03
4.700300e+00 3.234024e-03
4.701800e+00 2.874482e-03
4.703300e+00 2.540178e-03
4.704800e+00 2.231113e-03
4.706300e+00 1.947286e-03
4.707800e+00 1.688697e-03
4.709300e+00 1.455347e-03
4.710800e+00 1.247235e-03
4.712300e+00 1.064361e-03
4.713800e+00 9.067255e-04
4.715300e+00 7.743284e-04
4.716800e+00 6.671697e-04
4.718300e+00 5.852493e-04
4.719800e+00 5.285672e-04
4.721300e+00 4.971234e-04
4.722800e+00 4.909180e-04
4.724300e+00 5.099509e-04
4.725800e+00 5.542221e-04
4.727300e+00 6.237317e-04
4.728800e+00 7.184796e-04
4.730300e+00 8.384658e-04
4.731800e+00 9.836903e-04
4.733300e+00 1.154153e-03
4.734800e+00 1.349854e-03
4.736300e+00 1.570794e-03
4.737800e+00 1.816972e-03
4.739300e+00 2.088388e-03
4.740800e+00 2.385042e-03
4.742300e+00 2.706935e-03
4.743800e+00 3.054066e-03
4.745300e+00 3.426436e-03
4.746800e+00 3.824044e-03
4.748300e+00 4.246890e-03
4.749800e+00 4.694974e-03
4.751300e+00 5.168297e-03
4.752800e+00 5.666858e-03
4.754300e+00 6.190658e-03
4.755800e+00 6.739695e-03
4.757300e+00 7.313972e-03
4.758800e+00 7.913486e-03
4.760300e+00 8.538239e-03
4.761800e+00 9.188230e-03
4.763300e+00 9.863459e-03
4.764800e+00 1.056393e-02
4.766300e+00 1.128963e-02
4.767800e+00 1.204058e-02
4.769300e+00 1.281676e-02
4.770800e+00 1.361818e-02
4.772300e+00 1.444484e-02
4.773800e+00 1.529674e-02
4.775300e+00 1.617387e-02
4.776800e+00 1.707625e-02
4.778300e+00 1.800386e-02
4.779800e+00 1.895671e-02
4.781300e+00 1.993480e-02
4.782800e+00 2.093813e-02
4.784300e+00 2.196670e-02
4.785800e+00 2.302050e-02
4.787300e+00 2.409954e-02
4.788800e+00 2.520382e-02
4.790300e+00 2.633334e-02
4.791800e+00 2.748810e-02
4.793300e+00 2.866810e-02
4.794800e+00 2.987333e-02
4.796300e+00 3.110380e-02
4.797800e+00 3.235951e-02
==
4.797800e+00 4.955761e-02
4.798755e+00 4.910080e-02
4.799710e+00 4.864284e-02
4.800665e+00 4.818372e-02
4.801620e+00 4.772346e-02
4.802575e+00 4.726203e-02
4.803530e+00 4.679946e-02
4.804485e+00 4.633573e-02
4.805440e+00 4.587085e-02
4.806395e+00 4.540481e-02
4.807350e+00 4.493762e-02
4.808305e+00 4.446928e-02
4.809260e+00 4.399978e-02
4.810215e+00 4.352913e-02
4.811170e+00 4.305733e-02
4.812125e+00 4.258437e-02
4.813080e+00 4.211026e-02
4.814035e+00 4.163499e-02
4.814990e+00 4.115857e-02
4.815945e+00 4.068100e-02
4.816900e+00 4.020227e-02
4.817855e+00 3.972240e-02
4.818810e+00 3.924136e-02
4.819765e+00 3.875917e-02
4.820720e+00 3.827583e-02
4.821675e+00 3.779134e-02
4.822630e+00 3.730569e-02
4.823585e+00 3.681889e-02
4.824540e+00 3.633093e-02
4.825495e+00 3.584183e-02
4.826450e+00 3.535156e-02
4.827405e+00 3.486015e-02
4.828360e+00 3.436758e-02
4.829315e+00 3.387385e-02
4.830270e+00 3.337898e-02
4.831225e+00 3.288295e-02
4.832180e+00 3.238576e-02
4.833135e+00 3.188742e-02
4.834090e+00 3.138793e-02
4.835045e+00 3.088729e-02
4.836000e+00 3.038549e-02
4.836955e+00 2.988253e-02
4.837910e+00 2.937843e-02
4.838865e+00 2.887317e-02
4.839820e+00 2.836676e-02
4.840775e+00 2.785919e-02
4.841730e+00 2.735047e-02
4.842685e+00 2.684059e-02
4.843640e+00 2.632956e-02
4.844595e+00 2.581738e-02
4.845550e+00 2.530405e-02
4.846505e+00 2.478956e-02
4.847460e+00 2.427392e-02
4.848415e+00 2.375712e-02
4.849370e+00 2.323917e-02
4.850325e+00 2.272007e-02
4.851280e+00 2.219981e-02
4.852235e+00 2.167840e-02
4.853190e+00 2.115583e-02
4.854145e+00 2.063211e-02
4.855100e+00 2.010724e-02
4.856055e+00 1.958122e-02
4.857010e+00 1.905404e-02
4.857965e+00 1.852571e-02
4.858920e+00 1.799622e-02
4.859875e+00 1.746558e-02
4.860830e+00 1.693379e-02
4.861785e+00 1.640084e-02
4.862740e+00 1.586674e-02
4.863695e+00 1.533148e-02
4.864650e+00 1.479507e-02
4.865605e+00 1.425751e-02
4.866560e+00 1.371880e-02
4.867515e+00 1.317893e-02
4.868470e+00 1.263790e-02
4.869425e+00 1.209573e-02
4.870380e+00 1.155240e-02
4.871335e+00 1.100791e-02
4.872290e+00 1.046228e-02
4.873245e+00 9.915486e-03
4.874200e+00 9.367541e-03
4.875155e+00 8.818443e-03
4.876110e+00 8.268191e-03
4.877065e+00 7.716786e-03
4.878020e+00 7.164226e-03
4.878975e+00 6.610513e-03
4.879930e+00 6.055647e-03
4.880885e+00 5.499627e-03
4.881840e+00 4.942453e-03
4.882795e+00 4.384125e-03
4.883750e+00 3.824644e-03
4.884705e+00 3.264010e-03
4.885660e+00 2.702221e-03
4.886615e+00 2.139279e-03
4.887570e+00 1.575183e-03
4.888525e+00 1.009934e-03
4.889480e+00 4.435312e-04
4.890435e+00 -1.240254e-04
4.891390e+00 -6.927357e-04
4.892345e+00 -1.262600e-03
4.893300e+00 -1.833617e-03
==
4.893300e+00 -2.510233e-03
4.896150e+00 -2.220945e-03
4.899000e+00 -1.930575e-03
4.901850e+00 -1.639121e-03
4.904700e+00 -1.346584e-03
4.907550e+00 -1.052965e-03
4.910400e+00 -7.582618e-04
4.913250e+00 -4.624759e-04
4.916100e+00 -1.656070e-04
4.918950e+00 1.323450e-04
4.921800e+00 4.313801e-04
4.924650e+00 7.314983e-04
4.927500e+00 1.032700e-03
4.930350e+00 1.334984e-03
4.933200e+00 1.638351e-03
4.936050e+00 1.942802e-03
4.938900e+00 2.248335e-03
4.941750e+00 2.554952e-03
4.944600e+00 2.862651e-03
4.947450e+00 3.171434e-03
4.950300e+00 3.481300e-03
4.953150e+00 3.792249e-03
4.956000e+00 4.104280e-03
4.958850e+00 4.417395e-03
4.961700e+00 4.731593e-03
4.964550e+00 5.046874e-03
4.967400e+00 5.363239e-03
4.970250e+00 5.680686e-03
4.973100e+00 5.999216e-03
4.975950e+00 6.318829e-03
4.978800e+00 6.639526e-03
4.981650e+00 6.961305e-03
4.984500e+00 7.284168e-03
4.987350e+00 7.608113e-03
4.990200e+00 7.933142e-03
4.993050e+00 8.259254e-03
4.995900e+00 8.586449e-03
4.998750e+00 8.914726e-03
5.001600e+00 9.244087e-03
5.004450e+00 9.574531e-03
5.007300e+00 9.906058e-03
5.010150e+00 1.023867e-02
5.013000e+00 1.057236e-02
5.015850e+00 1.090714e-02
5.018700e+00 1.124300e-02
5.021550e+00 1.157994e-02
5.024400e+00 1.191797e-02
5.027250e+00 1.225707e-02
5.030100e+00 1.259727e-02
5.032950e+00 1.293854e-02
5.035800e+00 1.328090e-02
5.038650e+00 1.362434e-02
5.041500e+00 1.396886e-02
5.044350e+00 1.431447e-02
5.047200e+00 1.466116e-02
5.050050e+00 1.500893e-02
5.052900e+00 1.535779e-02
5.055750e+00 1.570773e-02
5.058600e+00 1.605875e-02
5.061450e+00 1.641086e-02
5.064300e+00 1.676404e-02
5.067150e+00 1.711831e-02
5.070000e+00 1.747367e-02
5.072850e+00 1.783011e-02
5.075700e+00 1.818763e-02
5.078550e+00 1.854623e-02
5.081400e+00 1.890592e-02
5.084250e+00 1.926669e-02
5.087100e+00 1.962854e-02
5.089950e+00 1.999148e-02
5.092800e+00 2.035550e-02
5.095650e+00 2.072060e-02
5.098500e+00 2.108678e-02
5.101350e+00 2.145405e-02
5.104200e+00 2.182240e-02
5.107050e+00 2.219184e-02
5.109900e+00 2.256235e-02
5.112750e+00 2.293395e-02
5.115600e+00 2.330664e-02
5.118450e+00 2.368040e-02
5.121300e+00 2.405525e-02
5.124150e+00 2.443119e-02
5.127000e+00 2.480820e-02
5.129850e+00 2.518630e-02
5.132700e+00 2.556548e-02
5.135550e+00 2.594575e-02
5.138400e+00 2.632710e-02
5.141250e+00 2.670953e-02
5.144100e+00 2.709304e-02
5.146950e+00 2.747764e-02
5.149800e+00 2.786332e-02
5.152650e+00 2.825008e-02
5.155500e+00 2.863793e-02
5.158350e+00 2.902686e-02
5.161200e+00 2.941687e-02
5.164050e+00 2.980797e-02
5.166900e+00 3.020015e-02
5.169750e+00 3.059341e-02
5.172600e+00 3.098775e-02
5.175450e+00 3.138318e-02
5.178300e+00 3.177969e-02
==
