9.830000e-04 1.966000e-03
2.948000e-03 3.931000e-03
4.914000e-03 5.897000e-03
6.879000e-03 7.862000e-03
8.845000e-03 9.828000e-03
1.081100e-02 1.179300e-02
1.277600e-02 1.375900e-02
1.474200e-02 1.572400e-02
1.670700e-02 1.769000e-02
1.867300e-02 1.965600e-02
2.063800e-02 2.162100e-02
2.260400e-02 2.358700e-02
2.456900e-02 2.555200e-02
2.653500e-02 2.751800e-02
2.850000e-02 2.948300e-02
3.046600e-02 3.144900e-02
3.243200e-02 3.341400e-02
3.439700e-02 3.538000e-02
3.636300e-02 3.734500e-02
3.832800e-02 3.931100e-02
4.029400e-02 4.127700e-02
4.225900e-02 4.324200e-02
4.422500e-02 4.520800e-02
4.619000e-02 4.717300e-02
4.815600e-02 4.913900e-02
5.012200e-02 5.110400e-02
5.208700e-02 5.307000e-02
5.405300e-02 5.503500e-02
5.601800e-02 5.700100e-02
5.798400e-02 5.896700e-02
5.994900e-02 6.093200e-02
6.191500e-02 6.289800e-02
6.388000e-02 6.486300e-02
6.584600e-02 6.682900e-02
6.781200e-02 6.879400e-02
6.977700e-02 7.076000e-02
7.174300e-02 7.272500e-02
7.370800e-02 7.469100e-02
7.567400e-02 7.665600e-02
7.763900e-02 7.862200e-02
7.960500e-02 8.058800e-02
8.157000e-02 8.255300e-02
8.353600e-02 8.451900e-02
8.550100e-02 8.648400e-02
8.746700e-02 8.845000e-02
8.943300e-02 9.041500e-02
9.139800e-02 9.238100e-02
9.336400e-02 9.434600e-02
9.532900e-02 9.631200e-02
9.729500e-02 9.827800e-02
9.926000e-02 1.002430e-01
1.012260e-01 1.022090e-01
1.031910e-01 1.041740e-01
1.051570e-01 1.061400e-01
1.071230e-01 1.081050e-01
1.090880e-01 1.100710e-01
1.110540e-01 1.120360e-01
1.130190e-01 1.140020e-01
1.149850e-01 1.159680e-01
1.169500e-01 1.179330e-01
1.189160e-01 1.198990e-01
1.208810e-01 1.218640e-01
1.228470e-01 1.238300e-01
1.248120e-01 1.257950e-01
1.267780e-01 1.277610e-01
1.287440e-01 1.297260e-01
1.307090e-01 1.316920e-01
1.326750e-01 1.336570e-01
1.346400e-01 1.356230e-01
1.366060e-01 1.375890e-01
1.385710e-01 1.395540e-01
1.405370e-01 1.415200e-01
1.425020e-01 1.434850e-01
1.444680e-01 1.454510e-01
1.464340e-01 1.474160e-01
1.483990e-01 1.493820e-01
1.503650e-01 1.513470e-01
1.523300e-01 1.533130e-01
1.542960e-01 1.552790e-01
1.562610e-01 1.572440e-01
1.582270e-01 1.592100e-01
1.601920e-01 1.611750e-01
1.621580e-01 1.631410e-01
1.641240e-01 1.651060e-01
1.660890e-01 1.670720e-01
1.680550e-01 1.690370e-01
1.700200e-01 1.710030e-01
1.719860e-01 1.729690e-01
1.739510e-01 1.749340e-01
1.759170e-01 1.769000e-01
1.778820e-01 1.788650e-01
1.798480e-01 1.808310e-01
1.818130e-01 1.827960e-01
1.837790e-01 1.847620e-01
1.857450e-01 1.867270e-01
1.877100e-01 1.886930e-01
1.896760e-01 1.906580e-01
1.916410e-01 1.926240e-01
1.936070e-01 1.945900e-01
1.955720e-01 1.965550e-01
1.975380e-01 1.985210e-01
1.995030e-01 2.004860e-01
2.014690e-01 2.024520e-01
2.034350e-01 2.044170e-01
2.054000e-01 2.063830e-01
2.073660e-01 2.083480e-01
2.093310e-01 2.103140e-01
2.112970e-01 2.122800e-01
2.132620e-01 2.142450e-01
2.152280e-01 2.162110e-01
2.171930e-01 2.181760e-01
2.191590e-01 2.201420e-01
2.211250e-01 2.221070e-01
2.230900e-01 2.240730e-01
2.250560e-01 2.260380e-01
2.270210e-01 2.280040e-01
2.289870e-01 2.299690e-01
2.309520e-01 2.319350e-01
2.329180e-01 2.339010e-01
2.348830e-01 2.358660e-01
2.368490e-01 2.378320e-01
2.388140e-01 2.397970e-01
2.407800e-01 2.417630e-01
2.427460e-01 2.437280e-01
2.447110e-01 2.456940e-01
2.466770e-01 2.476590e-01
2.486420e-01 2.496250e-01
2.506080e-01 2.515910e-01
2.525730e-01 2.535560e-01
2.545390e-01 2.555220e-01
2.565040e-01 2.574870e-01
2.584700e-01 2.594530e-01
2.604360e-01 2.614180e-01
2.624010e-01 2.633840e-01
2.643670e-01 2.653490e-01
2.663320e-01 2.673150e-01
2.682980e-01 2.692810e-01
2.702630e-01 2.712460e-01
2.722290e-01 2.732120e-01
2.741940e-01 2.751770e-01
2.761600e-01 2.771430e-01
2.781250e-01 2.791080e-01
2.800910e-01 2.810740e-01
2.820570e-01 2.830390e-01
2.840220e-01 2.850050e-01
2.859880e-01 2.869620e-01
2.879370e-01 2.889120e-01
2.898870e-01 2.908620e-01
2.918360e-01 2.928110e-01
2.937860e-01 2.947610e-01
2.957360e-01 2.967100e-01
2.976850e-01 2.986600e-01
2.996350e-01 3.006100e-01
3.015840e-01 3.025590e-01
3.035340e-01 3.045090e-01
3.054840e-01 3.064580e-01
3.074330e-01 3.084080e-01
3.093830e-01 3.103570e-01
3.113320e-01 3.123070e-01
3.132820e-01 3.142570e-01
3.152310e-01 3.162060e-01
3.171810e-01 3.181560e-01
3.191310e-01 3.201050e-01
3.210800e-01 3.220550e-01
3.230300e-01 3.240050e-01
3.249790e-01 3.259540e-01
3.269290e-01 3.279040e-01
3.288790e-01 3.298530e-01
3.308280e-01 3.318030e-01
3.327780e-01 3.337530e-01
3.347270e-01 3.357020e-01
3.366770e-01 3.376520e-01
3.386260e-01 3.396010e-01
3.405760e-01 3.415510e-01
3.425260e-01 3.435000e-01
3.444750e-01 3.454500e-01
3.464250e-01 3.474000e-01
3.483740e-01 3.493490e-01
3.503240e-01 3.512990e-01
3.522740e-01 3.532480e-01
3.542230e-01 3.551980e-01
3.561730e-01 3.571480e-01
3.581220e-01 3.590970e-01
3.600720e-01 3.610470e-01
3.620210e-01 3.629960e-01
3.639710e-01 3.649460e-01
3.659210e-01 3.668950e-01
3.678700e-01 3.688450e-01
3.698200e-01 3.707950e-01
3.717690e-01 3.727440e-01
3.737190e-01 3.746940e-01
3.756690e-01 3.766430e-01
3.776180e-01 3.785930e-01
3.795680e-01 3.805430e-01
3.815170e-01 3.824920e-01
3.834750e-01 3.844580e-01
3.854400e-01 3.864230e-01
3.874060e-01 3.883890e-01
3.893720e-01 3.903540e-01
3.913370e-01 3.923200e-01
3.933030e-01 3.942850e-01
3.952680e-01 3.962510e-01
3.972340e-01 3.982170e-01
3.991990e-01 4.001820e-01
4.011650e-01 4.021480e-01
4.031300e-01 4.041130e-01
4.050960e-01 4.060790e-01
4.070610e-01 4.080440e-01
4.090270e-01 4.100100e-01
4.109930e-01 4.119750e-01
4.129580e-01 4.139410e-01
4.149240e-01 4.159060e-01
4.168890e-01 4.178720e-01
4.188550e-01 4.198380e-01
4.208200e-01 4.218030e-01
4.227860e-01 4.237690e-01
4.247510e-01 4.257340e-01
4.267170e-01 4.277000e-01
4.286830e-01 4.296650e-01
4.306480e-01 4.316310e-01
4.326140e-01 4.335960e-01
4.345790e-01 4.355620e-01
4.365450e-01 4.375280e-01
4.385100e-01 4.394930e-01
4.404760e-01 4.414590e-01
4.424410e-01 4.434240e-01
4.444070e-01 4.453900e-01
4.463730e-01 4.473550e-01
4.483380e-01 4.493210e-01
4.503040e-01 4.512860e-01
4.522690e-01 4.532520e-01
4.542350e-01 4.552170e-01
4.562000e-01 4.571830e-01
4.581660e-01 4.591490e-01
4.601310e-01 4.611140e-01
4.620970e-01 4.630800e-01
4.640620e-01 4.650450e-01
4.660280e-01 4.670110e-01
4.679940e-01 4.689760e-01
4.699590e-01 4.709420e-01
4.719250e-01 4.729070e-01
4.738900e-01 4.748730e-01
4.758560e-01 4.768390e-01
4.778210e-01 4.788040e-01
4.797870e-01 4.807700e-01
4.817520e-01 4.827350e-01
4.837180e-01 4.847010e-01
4.856840e-01 4.866660e-01
4.876490e-01 4.886320e-01
4.896150e-01 4.905970e-01
4.915800e-01 4.925630e-01
4.935460e-01 4.945290e-01
4.955110e-01 4.964940e-01
4.974770e-01 4.984600e-01
4.994420e-01 5.004250e-01
5.014080e-01 5.023910e-01
5.033740e-01 5.043560e-01
5.053390e-01 5.063220e-01
5.073050e-01 5.082870e-01
5.092700e-01 5.102530e-01
5.112360e-01 5.122180e-01
5.132010e-01 5.141840e-01
5.151670e-01 5.161500e-01
5.171320e-01 5.181150e-01
5.190980e-01 5.200810e-01
5.210630e-01 5.220460e-01
5.230290e-01 5.240120e-01
5.249950e-01 5.259770e-01
5.269600e-01 5.279430e-01
5.289260e-01 5.299080e-01
5.308910e-01 5.318740e-01
5.328570e-01 5.338400e-01
5.348220e-01 5.358050e-01
5.367880e-01 5.377710e-01
5.387530e-01 5.397360e-01
5.407190e-01 5.417020e-01
5.426850e-01 5.436670e-01
5.446500e-01 5.456330e-01
5.466160e-01 5.475980e-01
5.485810e-01 5.495640e-01
5.505470e-01 5.515300e-01
5.525120e-01 5.534950e-01
5.544780e-01 5.554610e-01
5.564430e-01 5.574260e-01
5.584090e-01 5.593920e-01
5.603740e-01 5.613570e-01
5.623400e-01 5.633230e-01
5.643060e-01 5.652880e-01
5.662710e-01 5.672540e-01
5.682370e-01 5.692190e-01
5.702020e-01 5.711850e-01
5.721680e-01 5.731510e-01
5.741330e-01 5.751160e-01
5.760990e-01 5.770820e-01
5.780640e-01 5.790470e-01
5.800300e-01 5.810130e-01
5.819960e-01 5.829780e-01
1.549055e-01 1.549055e-01
1.548985e-01 1.548915e-01
1.548776e-01 1.548636e-01
1.548427e-01 1.548218e-01
1.547939e-01 1.547660e-01
1.547311e-01 1.546962e-01
1.546544e-01 1.546125e-01
1.545637e-01 1.545149e-01
1.544591e-01 1.544033e-01
1.543405e-01 1.542708e-01
1.542080e-01 1.541313e-01
1.540616e-01 1.539779e-01
1.538942e-01 1.538105e-01
1.537198e-01 1.536292e-01
1.535315e-01 1.534339e-01
1.533293e-01 1.532247e-01
1.531131e-01 1.530015e-01
1.528829e-01 1.527574e-01
1.526388e-01 1.525063e-01
1.523808e-01 1.522413e-01
1.521088e-01 1.519623e-01
1.518159e-01 1.516694e-01
1.515229e-01 1.513625e-01
1.512091e-01 1.510417e-01
1.508813e-01 1.507070e-01
1.505396e-01 1.503652e-01
1.501839e-01 1.500026e-01
1.498142e-01 1.496259e-01
1.494376e-01 1.492354e-01
1.490401e-01 1.488378e-01
1.486286e-01 1.484194e-01
1.482102e-01 1.479940e-01
1.477778e-01 1.475546e-01
1.473244e-01 1.470943e-01
1.468641e-01 1.466270e-01
1.463899e-01 1.461458e-01
1.459017e-01 1.456506e-01
1.453995e-01 1.451415e-01
1.448834e-01 1.446254e-01
1.443604e-01 1.440884e-01
1.438164e-01 1.435444e-01
1.432654e-01 1.429864e-01
1.427005e-01 1.424076e-01
1.421216e-01 1.418217e-01
1.415288e-01 1.412289e-01
1.409221e-01 1.406152e-01
1.403013e-01 1.399875e-01
1.396737e-01 1.393528e-01
1.390320e-01 1.387042e-01
1.383695e-01 1.380417e-01
1.376999e-01 1.373652e-01
1.370234e-01 1.366747e-01
1.363260e-01 1.359773e-01
1.356216e-01 1.352589e-01
1.348963e-01 1.345336e-01
1.341640e-01 1.337944e-01
1.334177e-01 1.330411e-01
1.326645e-01 1.322740e-01
1.318904e-01 1.314998e-01
1.311093e-01 1.307117e-01
1.303072e-01 1.299027e-01
1.294982e-01 1.290867e-01
1.286752e-01 1.282638e-01
1.278453e-01 1.274199e-01
1.269944e-01 1.265620e-01
1.261296e-01 1.256972e-01
1.252578e-01 1.248185e-01
1.243721e-01 1.239258e-01
1.234724e-01 1.230191e-01
1.225588e-01 1.220985e-01
1.216312e-01 1.211640e-01
1.206897e-01 1.202155e-01
1.197342e-01 1.192530e-01
1.187718e-01 1.182836e-01
1.177884e-01 1.172932e-01
1.167911e-01 1.162889e-01
1.157868e-01 1.152777e-01
1.147616e-01 1.142455e-01
1.137224e-01 1.131993e-01
1.126763e-01 1.121462e-01
1.116092e-01 1.110722e-01
1.105282e-01 1.099842e-01
1.094332e-01 1.088753e-01
1.083243e-01 1.077594e-01
1.071945e-01 1.066226e-01
1.060507e-01 1.054788e-01
1.048930e-01 1.043141e-01
1.037213e-01 1.031285e-01
1.025357e-01 1.019289e-01
1.013291e-01 1.007154e-01
1.001017e-01 9.948793e-02
9.886025e-02 9.823954e-02
9.760488e-02 9.697022e-02
9.632859e-02 9.568695e-02
9.503835e-02 9.438277e-02
9.372719e-02 9.306463e-02
9.239510e-02 9.171860e-02
9.104209e-02 9.036559e-02
8.967514e-02 8.898468e-02
8.828726e-02 8.758286e-02
8.687845e-02 8.616708e-02
8.544873e-02 8.472341e-02
8.399808e-02 8.326578e-02
8.252651e-02 8.178026e-02
8.103402e-02 8.028080e-02
7.952060e-02 7.875343e-02
7.797929e-02 7.720514e-02
7.642403e-02 7.563593e-02
7.484087e-02 7.403883e-02
7.322981e-02 7.242080e-02
7.160481e-02 7.077487e-02
6.994493e-02 6.910802e-02
6.827111e-02 6.742025e-02
6.656241e-02 6.570458e-02
6.483977e-02 6.396101e-02
6.308225e-02 6.219652e-02
6.130381e-02 6.040413e-02
5.949748e-02 5.859082e-02
5.767022e-02 5.674264e-02
5.581507e-02 5.487354e-02
5.393201e-02 5.298351e-02
5.202804e-02 5.106559e-02
5.009617e-02 4.911977e-02
4.813640e-02 4.714605e-02
4.615570e-02 4.515141e-02
4.414712e-02 4.312887e-02
4.211063e-02 4.108541e-02
4.005322e-02 3.902103e-02
3.797489e-02 3.692875e-02
3.587563e-02 3.481554e-02
3.374848e-02 3.268142e-02
3.160738e-02 3.052637e-02
2.943838e-02 2.835040e-02
2.725544e-02 2.615350e-02
2.505157e-02 2.394266e-02
2.283375e-02 2.171787e-02
2.059501e-02 1.947216e-02
1.834232e-02 1.721249e-02
1.608266e-02 1.494586e-02
1.380905e-02 1.266527e-02
1.152149e-02 1.037771e-02
9.226956e-03 8.076202e-03
6.925448e-03 5.774694e-03
4.616965e-03 3.466211e-03
2.308483e-03 1.157728e-03
0 2.294534e-03
3.445288e-03 4.603017e-03
5.753771e-03 6.911499e-03
8.076202e-03 9.240905e-03
1.040561e-02 1.157728e-02
1.275594e-02 1.393459e-02
1.512021e-02 1.630584e-02
1.749844e-02 1.869801e-02
1.990456e-02 2.111111e-02
2.233161e-02 2.355210e-02
2.477957e-02 2.601402e-02
2.725544e-02 2.850383e-02
2.976618e-02 3.102852e-02
3.230481e-02 3.358807e-02
3.487831e-02 3.618250e-02
3.749366e-02 3.881877e-02
4.015783e-02 4.149689e-02
4.285688e-02 4.423081e-02
4.561171e-02 4.700657e-02
4.842234e-02 4.984509e-02
5.128877e-02 5.274639e-02
5.421796e-02 5.571045e-02
5.722387e-02 5.875123e-02
6.029952e-02 6.187570e-02
6.346584e-02 6.508387e-02
6.672979e-02 6.839664e-02
7.009139e-02 7.181404e-02
7.357155e-02 7.535696e-02
7.717027e-02 7.902543e-02
8.092243e-02 8.285430e-02
8.482802e-02 8.685056e-02
8.891494e-02 9.103512e-02
9.321109e-02 9.544285e-02
9.773739e-02 1.001017e-01
1.025357e-01 1.050534e-01
1.076548e-01 1.103469e-01
1.131366e-01 1.160448e-01
1.190717e-01 1.222310e-01
1.255368e-01 1.290100e-01
1.326645e-01 1.365283e-01
1.406291e-01 1.449881e-01
1.496608e-01 1.546823e-01
1.601152e-01 1.660434e-01
1.725643e-01 1.797966e-01
1.879147e-01 1.971626e-01
2.078820e-01 2.205891e-01
2.360859e-01 2.557464e-01
2.820952e-01 3.203281e-01
3.825665e-01 5.013034e-01
7.762011e-01 1.053372e+00
1.061128e+00 8.654718e-01
7.338673e-01 6.466820e-01
5.863337e-01 5.422633e-01
5.084939e-01 4.815871e-01
4.594648e-01 4.408156e-01
4.247887e-01 4.107774e-01
3.983702e-01 3.872602e-01
3.772172e-01 3.680670e-01
3.596630e-01 3.519006e-01
3.446962e-01 3.379660e-01
3.316683e-01 3.257402e-01
3.201468e-01 3.148463e-01
3.098179e-01 3.050266e-01
3.004515e-01 2.960856e-01
2.918940e-01 2.878699e-01
2.839992e-01 2.802749e-01
2.766762e-01 2.732030e-01
2.698414e-01 2.665914e-01
2.634320e-01 2.603703e-01
2.573923e-01 2.544980e-01
2.516804e-01 2.489395e-01
2.462614e-01 2.436530e-01
2.411004e-01 2.386106e-01
2.361766e-01 2.337984e-01
2.314690e-01 2.291814e-01
2.269496e-01 2.247528e-01
2.226047e-01 2.204915e-01
2.184201e-01 2.163906e-01
2.143890e-01 2.124292e-01
2.104974e-01 2.086004e-01
2.067312e-01 2.048900e-01
2.030837e-01 2.013053e-01
1.995478e-01 1.978181e-01
1.961164e-01 1.944426e-01
1.927827e-01 1.911507e-01
1.895467e-01 1.879565e-01
1.863873e-01 1.848460e-01
1.833186e-01 1.818122e-01
1.803197e-01 1.788551e-01
1.774045e-01 1.759678e-01
1.745520e-01 1.731501e-01
1.717692e-01 1.704023e-01
1.690493e-01 1.677102e-01
1.663921e-01 1.650879e-01
1.637907e-01 1.625144e-01
1.612451e-01 1.599967e-01
1.587553e-01 1.575348e-01
1.563212e-01 1.551217e-01
1.539291e-01 1.527574e-01
1.515927e-01 1.504419e-01
1.492982e-01 1.481683e-01
1.470455e-01 1.459366e-01
1.448416e-01 1.437536e-01
1.426796e-01 1.416125e-01
1.405524e-01 1.395063e-01
1.384671e-01 1.374419e-01
1.364167e-01 1.354124e-01
1.344081e-01 1.334177e-01
1.324344e-01 1.314580e-01
1.304955e-01 1.295401e-01
1.285915e-01 1.276500e-01
1.267155e-01 1.257879e-01
1.248743e-01 1.239676e-01
1.230610e-01 1.221682e-01
1.212825e-01 1.204038e-01
1.195320e-01 1.186672e-01
1.178093e-01 1.169654e-01
1.161216e-01 1.152846e-01
1.144547e-01 1.136317e-01
1.128158e-01 1.120067e-01
1.112047e-01 1.104096e-01
1.096146e-01 1.088334e-01
1.080593e-01 1.072852e-01
1.065180e-01 1.057578e-01
1.050046e-01 1.042583e-01
1.035191e-01 1.027798e-01
1.020545e-01 1.013291e-01
1.006108e-01 9.989941e-02
9.918804e-02 9.848364e-02
9.778621e-02 9.709576e-02
9.641228e-02 9.572880e-02
9.505230e-02 9.438277e-02
9.372021e-02 9.305766e-02
9.240207e-02 9.175347e-02
9.110486e-02 9.046323e-02
8.982857e-02 8.919391e-02
8.857320e-02 8.794552e-02
8.733178e-02 8.671805e-02
8.611128e-02 8.550452e-02
8.490474e-02 8.431192e-02
8.371911e-02 8.313327e-02
8.255441e-02 8.197554e-02
8.140365e-02 8.083176e-02
8.026685e-02 7.970891e-02
7.915097e-02 7.860000e-02
7.804903e-02 7.750504e-02
7.696802e-02 7.643100e-02
7.589398e-02 7.536394e-02
7.484087e-02 7.431780e-02
7.380170e-02 7.328561e-02
7.277648e-02 7.227434e-02
7.177219e-02 7.127004e-02
