   1.0000000e+00   8.7295000e+00
   2.0000000e+00   1.0341956e+01
   3.0000000e+00   9.6702875e+00
   4.0000000e+00   8.7060640e+00
   5.0000000e+00   9.1705362e+00
   6.0000000e+00   8.9891142e+00
   7.0000000e+00  -8.8062179e-02
   8.0000000e+00   7.0341067e+00
   9.0000000e+00   1.0466219e+01
   1.0000000e+01  -4.5039901e+00
   1.1000000e+01  -3.3150858e+00
   1.2000000e+01  -3.9567613e+00
   1.3000000e+01  -4.2958001e+00
   1.4000000e+01  -4.5313156e+00
   1.5000000e+01  -3.5761627e+00
   1.6000000e+01  -4.5407501e+00
   1.7000000e+01  -4.5064759e+00
   1.8000000e+01  -4.1117495e+00
   1.9000000e+01   1.3112354e+00
   2.0000000e+01   2.2890365e+00
   2.1000000e+01   1.3816403e+00
   2.2000000e+01   2.3145951e+00
   2.3000000e+01   1.2532104e+00
   2.4000000e+01   1.7588254e+00
   2.5000000e+01   1.0623380e+00
   2.6000000e+01   1.6527262e+00
   2.7000000e+01   1.2485641e+00
   2.8000000e+01   5.4068548e+00
   2.9000000e+01   5.3048171e+00
   3.0000000e+01   5.1247785e+00
   3.1000000e+01   4.2576880e+00
   3.2000000e+01   4.9026352e+00
   3.3000000e+01   5.3742054e+00
   3.4000000e+01   3.9918525e+00
   3.5000000e+01   8.9068751e+01
   3.6000000e+01   1.8253539e-02
   3.7000000e+01   6.5317861e+00
   3.8000000e+01   6.4154514e+00
   3.9000000e+01   5.7643874e+00
   4.0000000e+01   6.8125907e+00
   4.1000000e+01  -1.9114282e+00
   4.2000000e+01   6.5767650e+00
   4.3000000e+01   5.1089555e+00
   4.4000000e+01   6.1377262e+00
   4.5000000e+01   5.1823966e+00
   4.6000000e+01   7.6678666e+00
   4.7000000e+01   9.4773861e+00
   4.8000000e+01   5.2917214e+00
   4.9000000e+01   7.0936444e+00
   5.0000000e+01   5.6687489e+00
   5.1000000e+01   6.5119727e+00
   5.2000000e+01   4.6637332e+00
   5.3000000e+01   5.8391357e+00
   5.4000000e+01   3.2423444e+00
   5.5000000e+01   6.9096711e+00
   5.6000000e+01   7.5624184e+00
   5.7000000e+01   7.5256940e+00
   5.8000000e+01   6.0631156e+00
   5.9000000e+01   7.9157274e+00
   6.0000000e+01   7.6388456e+00
   6.1000000e+01   7.6226996e+00
   6.2000000e+01   7.1296172e+00
   6.3000000e+01   5.2763488e+00
   6.4000000e+01   6.2103442e+00
   6.5000000e+01   5.8375983e+00
   6.6000000e+01   5.3552379e+00
   6.7000000e+01   5.8212368e+00
   6.8000000e+01   5.4218465e+00
   6.9000000e+01   6.7602331e+00
   7.0000000e+01   6.2439090e+00
   7.1000000e+01   5.4321123e+00
   7.2000000e+01   6.7003248e+00
   7.3000000e+01   8.7197190e+00
   7.4000000e+01   9.3835683e+00
   7.5000000e+01   8.1074123e+00
   7.6000000e+01   8.8521567e+00
   7.7000000e+01   8.9390163e+00
   7.8000000e+01   7.0882337e+00
   7.9000000e+01   9.2981336e+00
   8.0000000e+01   7.8106948e+00
   8.1000000e+01   6.9209322e+00
