   1.0000000e+00   8.8082908e+00
   2.0000000e+00   1.0306010e+01
   3.0000000e+00   9.5571081e+00
   4.0000000e+00   8.6815074e+00
   5.0000000e+00   9.2864123e+00
   6.0000000e+00   9.0024664e+00
   7.0000000e+00   1.1060760e-03
   8.0000000e+00   7.0125310e+00
   9.0000000e+00   1.0652748e+01
   1.0000000e+01  -4.6263522e+00
   1.1000000e+01  -3.3871678e+00
   1.2000000e+01  -4.0071247e+00
   1.3000000e+01  -4.1083259e+00
   1.4000000e+01  -4.7119244e+00
   1.5000000e+01  -3.6363160e+00
   1.6000000e+01  -4.6879172e+00
   1.7000000e+01  -4.5703533e+00
   1.8000000e+01  -4.4313133e+00
   1.9000000e+01   1.3263181e+00
   2.0000000e+01   2.5719433e+00
   2.1000000e+01   1.4738247e+00
   2.2000000e+01   2.5124735e+00
   2.3000000e+01   1.4349960e+00
   2.4000000e+01   1.7481195e+00
   2.5000000e+01   1.1653469e+00
   2.6000000e+01   1.7706815e+00
   2.7000000e+01   1.4882881e+00
   2.8000000e+01   5.2211966e+00
   2.9000000e+01   5.2273338e+00
   3.0000000e+01   5.2472577e+00
   3.1000000e+01   4.2650800e+00
   3.2000000e+01   4.8596522e+00
   3.3000000e+01   5.3504166e+00
   3.4000000e+01   4.0767241e+00
   3.5000000e+01   8.8836192e+01
   3.6000000e+01   2.7001812e-02
   3.7000000e+01   6.2447392e+00
   3.8000000e+01   6.1587443e+00
   3.9000000e+01   5.3547461e+00
   4.0000000e+01   6.5100287e+00
   4.1000000e+01  -2.1027751e+00
   4.2000000e+01   6.5480842e+00
   4.3000000e+01   4.8812026e+00
   4.4000000e+01   5.7600869e+00
   4.5000000e+01   4.7984154e+00
   4.6000000e+01   7.4348349e+00
   4.7000000e+01   9.1681364e+00
   4.8000000e+01   5.3404993e+00
   4.9000000e+01   7.0517382e+00
   5.0000000e+01   5.5681849e+00
   5.1000000e+01   6.3611213e+00
   5.2000000e+01   4.6933324e+00
   5.3000000e+01   5.9141587e+00
   5.4000000e+01   3.4412412e+00
   5.5000000e+01   7.0974471e+00
   5.6000000e+01   7.8286624e+00
   5.7000000e+01   7.4109785e+00
   5.8000000e+01   6.2850355e+00
   5.9000000e+01   7.9386788e+00
   6.0000000e+01   7.5272260e+00
   6.1000000e+01   7.6853423e+00
   6.2000000e+01   6.5919611e+00
   6.3000000e+01   5.1760534e+00
   6.4000000e+01   6.4386032e+00
   6.5000000e+01   5.8646756e+00
   6.6000000e+01   5.1801933e+00
   6.7000000e+01   5.7886838e+00
   6.8000000e+01   5.1985902e+00
   6.9000000e+01   6.7853460e+00
   7.0000000e+01   6.3539942e+00
   7.1000000e+01   5.3832457e+00
   7.2000000e+01   6.5264201e+00
   7.3000000e+01   8.5837121e+00
   7.4000000e+01   9.4214635e+00
   7.5000000e+01   8.1359071e+00
   7.6000000e+01   8.7817840e+00
   7.7000000e+01   8.9860047e+00
   7.8000000e+01   7.1917959e+00
   7.9000000e+01   9.3297522e+00
   8.0000000e+01   8.0994668e+00
   8.1000000e+01   7.1859875e+00
