0.000983	0.020145
0.001966	0.020145
0.002948	0.020144
0.003931	0.020144
0.004914	0.020142
0.005897	0.020141
0.006879	0.020139
0.007862	0.020136
0.008845	0.020133
0.009828	0.020130
0.010811	0.020127
0.011793	0.020123
0.012776	0.020118
0.013759	0.020114
0.014742	0.020109
0.015724	0.020103
0.016707	0.020098
0.017690	0.020092
0.018673	0.020085
0.019656	0.020078
0.020638	0.020071
0.021621	0.020063
0.022604	0.020055
0.023587	0.020047
0.024569	0.020038
0.025552	0.020029
0.026535	0.020020
0.027518	0.020010
0.028500	0.020000
0.029483	0.019989
0.030466	0.019978
0.031449	0.019967
0.032432	0.019955
0.033414	0.019943
0.034397	0.019931
0.035380	0.019918
0.036363	0.019905
0.037345	0.019891
0.038328	0.019877
0.039311	0.019863
0.040294	0.019849
0.041277	0.019833
0.042259	0.019818
0.043242	0.019802
0.044225	0.019786
0.045208	0.019770
0.046190	0.019753
0.047173	0.019736
0.048156	0.019718
0.049139	0.019700
0.050122	0.019682
0.051104	0.019663
0.052087	0.019644
0.053070	0.019624
0.054053	0.019604
0.055035	0.019584
0.056018	0.019563
0.057001	0.019542
0.057984	0.019521
0.058967	0.019499
0.059949	0.019477
0.060932	0.019455
0.061915	0.019432
0.062898	0.019409
0.063880	0.019385
0.064863	0.019361
0.065846	0.019337
0.066829	0.019312
0.067812	0.019287
0.068794	0.019261
0.069777	0.019235
0.070760	0.019209
0.071743	0.019182
0.072725	0.019155
0.073708	0.019128
0.074691	0.019100
0.075674	0.019072
0.076656	0.019043
0.077639	0.019015
0.078622	0.018985
0.079605	0.018956
0.080588	0.018926
0.081570	0.018895
0.082553	0.018864
0.083536	0.018833
0.084519	0.018801
0.085501	0.018769
0.086484	0.018737
0.087467	0.018704
0.088450	0.018671
0.089433	0.018638
0.090415	0.018604
0.091398	0.018569
0.092381	0.018535
0.093364	0.018499
0.094346	0.018464
0.095329	0.018428
0.096312	0.018392
0.097295	0.018355
0.098278	0.018318
0.099260	0.018280
0.100243	0.018242
0.101226	0.018204
0.102209	0.018165
0.103191	0.018126
0.104174	0.018087
0.105157	0.018047
0.106140	0.018007
0.107123	0.017966
0.108105	0.017925
0.109088	0.017883
0.110071	0.017841
0.111054	0.017799
0.112036	0.017756
0.113019	0.017713
0.114002	0.017669
0.114985	0.017625
0.115968	0.017581
0.116950	0.017536
0.117933	0.017491
0.118916	0.017445
0.119899	0.017399
0.120881	0.017352
0.121864	0.017305
0.122847	0.017257
0.123830	0.017210
0.124812	0.017161
0.125795	0.017112
0.126778	0.017063
0.127761	0.017013
0.128744	0.016963
0.129726	0.016913
0.130709	0.016862
0.131692	0.016810
0.132675	0.016758
0.133657	0.016706
0.134640	0.016653
0.135623	0.016599
0.136606	0.016546
0.137589	0.016491
0.138571	0.016436
0.139554	0.016381
0.140537	0.016325
0.141520	0.016269
0.142502	0.016212
0.143485	0.016155
0.144468	0.016097
0.145451	0.016039
0.146434	0.015980
0.147416	0.015921
0.148399	0.015861
0.149382	0.015801
0.150365	0.015740
0.151347	0.015679
0.152330	0.015617
0.153313	0.015555
0.154296	0.015492
0.155279	0.015428
0.156261	0.015364
0.157244	0.015299
0.158227	0.015234
0.159210	0.015169
0.160192	0.015102
0.161175	0.015036
0.162158	0.014968
0.163141	0.014900
0.164124	0.014831
0.165106	0.014762
0.166089	0.014692
0.167072	0.014622
0.168055	0.014551
0.169037	0.014479
0.170020	0.014407
0.171003	0.014334
0.171986	0.014261
0.172969	0.014187
0.173951	0.014112
0.174934	0.014036
0.175917	0.013960
0.176900	0.013884
0.177882	0.013806
0.178865	0.013728
0.179848	0.013649
0.180831	0.013570
0.181813	0.013489
0.182796	0.013409
0.183779	0.013327
0.184762	0.013245
0.185745	0.013161
0.186727	0.013078
0.187710	0.012993
0.188693	0.012908
0.189676	0.012822
0.190658	0.012735
0.191641	0.012647
0.192624	0.012559
0.193607	0.012470
0.194590	0.012380
0.195572	0.012289
0.196555	0.012197
0.197538	0.012105
0.198521	0.012012
0.199503	0.011918
0.200486	0.011823
0.201469	0.011727
0.202452	0.011630
0.203435	0.011533
0.204417	0.011434
0.205400	0.011335
0.206383	0.011235
0.207366	0.011134
0.208348	0.011032
0.209331	0.010929
0.210314	0.010825
0.211297	0.010720
0.212280	0.010614
0.213262	0.010508
0.214245	0.010400
0.215228	0.010291
0.216211	0.010182
0.217193	0.010071
0.218176	0.009960
0.219159	0.009847
0.220142	0.009734
0.221125	0.009619
0.222107	0.009504
0.223090	0.009387
0.224073	0.009270
0.225056	0.009151
0.226038	0.009032
0.227021	0.008911
0.228004	0.008789
0.228987	0.008667
0.229969	0.008543
0.230952	0.008418
0.231935	0.008292
0.232918	0.008165
0.233901	0.008037
0.234883	0.007909
0.235866	0.007779
0.236849	0.007648
0.237832	0.007515
0.238814	0.007382
0.239797	0.007248
0.240780	0.007113
0.241763	0.006977
0.242746	0.006839
0.243728	0.006701
0.244711	0.006562
0.245694	0.006422
0.246677	0.006280
0.247659	0.006138
0.248642	0.005995
0.249625	0.005850
0.250608	0.005705
0.251591	0.005559
0.252573	0.005412
0.253556	0.005264
0.254539	0.005115
0.255522	0.004965
0.256504	0.004814
0.257487	0.004663
0.258470	0.004510
0.259453	0.004357
0.260436	0.004203
0.261418	0.004048
0.262401	0.003893
0.263384	0.003736
0.264367	0.003579
0.265349	0.003422
0.266332	0.003263
0.267315	0.003104
0.268298	0.002945
0.269281	0.002784
0.270263	0.002624
0.271246	0.002462
0.272229	0.002300
0.273212	0.002138
0.274194	0.001975
0.275177	0.001812
0.276160	0.001649
0.277143	0.001485
0.278125	0.001321
0.279108	0.001156
0.280091	0.000991
0.281074	0.000826
0.282057	0.000661
0.283039	0.000496
0.284022	0.000331
0.285005	0.000165
0.285988	-0.000000
0.286962	0.000329
0.287937	0.000493
0.288912	0.000659
0.289887	0.000824
0.290862	0.000990
0.291836	0.001156
0.292811	0.001323
0.293786	0.001490
0.294761	0.001658
0.295736	0.001827
0.296710	0.001996
0.297685	0.002166
0.298660	0.002336
0.299635	0.002508
0.300610	0.002680
0.301584	0.002853
0.302559	0.003026
0.303534	0.003201
0.304509	0.003377
0.305484	0.003554
0.306458	0.003732
0.307433	0.003911
0.308408	0.004091
0.309383	0.004272
0.310357	0.004455
0.311332	0.004639
0.312307	0.004824
0.313282	0.005011
0.314257	0.005200
0.315231	0.005390
0.316206	0.005581
0.317181	0.005775
0.318156	0.005970
0.319131	0.006167
0.320105	0.006366
0.321080	0.006568
0.322055	0.006771
0.323030	0.006977
0.324005	0.007185
0.324979	0.007395
0.325954	0.007608
0.326929	0.007824
0.327904	0.008042
0.328879	0.008264
0.329853	0.008488
0.330828	0.008716
0.331803	0.008947
0.332778	0.009182
0.333753	0.009420
0.334727	0.009663
0.335702	0.009909
0.336677	0.010160
0.337652	0.010415
0.338626	0.010675
0.339601	0.010940
0.340576	0.011211
0.341551	0.011487
0.342526	0.011769
0.343500	0.012057
0.344475	0.012353
0.345450	0.012655
0.346425	0.012965
0.347400	0.013283
0.348374	0.013610
0.349349	0.013946
0.350324	0.014292
0.351299	0.014649
0.352274	0.015017
0.353248	0.015398
0.354223	0.015792
0.355198	0.016201
0.356173	0.016626
0.357148	0.017068
0.358122	0.017529
0.359097	0.018012
0.360072	0.018518
0.361047	0.019049
0.362021	0.019610
0.362996	0.020203
0.363971	0.020833
0.364946	0.021505
0.365921	0.022224
0.366895	0.023000
0.367870	0.023839
0.368845	0.024756
0.369820	0.025765
0.370795	0.026885
0.371769	0.028144
0.372744	0.029579
0.373719	0.031242
0.374694	0.033214
0.375669	0.035619
0.376643	0.038671
0.377618	0.042759
0.378593	0.048686
0.379568	0.058324
0.380543	0.076689
0.381517	0.119158
0.382492	0.162082
0.383475	0.163276
0.384458	0.133575
0.385440	0.113627
0.386423	0.100444
0.387406	0.091345
0.388389	0.084723
0.389372	0.079666
0.390354	0.075650
0.391337	0.072360
0.392320	0.069596
0.393303	0.067227
0.394285	0.065163
0.395268	0.063341
0.396251	0.061714
0.397234	0.060248
0.398217	0.058914
0.399199	0.057694
0.400182	0.056569
0.401165	0.055527
0.402148	0.054557
0.403130	0.053651
0.404113	0.052799
0.405096	0.051997
0.406079	0.051239
0.407061	0.050520
0.408044	0.049837
0.409027	0.049186
0.410010	0.048565
0.410993	0.047970
0.411975	0.047399
0.412958	0.046851
0.413941	0.046324
0.414924	0.045816
0.415906	0.045325
0.416889	0.044851
0.417872	0.044392
0.418855	0.043947
0.419838	0.043516
0.420820	0.043097
0.421803	0.042690
0.422786	0.042293
0.423769	0.041907
0.424751	0.041531
0.425734	0.041164
0.426717	0.040806
0.427700	0.040456
0.428683	0.040114
0.429665	0.039779
0.430648	0.039451
0.431631	0.039130
0.432614	0.038816
0.433596	0.038507
0.434579	0.038204
0.435562	0.037907
0.436545	0.037615
0.437528	0.037329
0.438510	0.037047
0.439493	0.036770
0.440476	0.036497
0.441459	0.036229
0.442441	0.035965
0.443424	0.035705
0.444407	0.035448
0.445390	0.035196
0.446373	0.034947
0.447355	0.034702
0.448338	0.034459
0.449321	0.034221
0.450304	0.033985
0.451286	0.033752
0.452269	0.033522
0.453252	0.033295
0.454235	0.033071
0.455217	0.032850
0.456200	0.032631
0.457183	0.032415
0.458166	0.032201
0.459149	0.031989
0.460131	0.031780
0.461114	0.031573
0.462097	0.031368
0.463080	0.031166
0.464062	0.030965
0.465045	0.030767
0.466028	0.030570
0.467011	0.030376
0.467994	0.030183
0.468976	0.029992
0.469959	0.029803
0.470942	0.029616
0.471925	0.029431
0.472907	0.029247
0.473890	0.029065
0.474873	0.028884
0.475856	0.028705
0.476839	0.028528
0.477821	0.028352
0.478804	0.028177
0.479787	0.028004
0.480770	0.027833
0.481752	0.027663
0.482735	0.027494
0.483718	0.027327
0.484701	0.027161
0.485684	0.026996
0.486666	0.026832
0.487649	0.026670
0.488632	0.026509
0.489615	0.026350
0.490597	0.026191
0.491580	0.026034
0.492563	0.025878
0.493546	0.025723
0.494529	0.025569
0.495511	0.025416
0.496494	0.025264
0.497477	0.025114
0.498460	0.024964
0.499442	0.024816
0.500425	0.024668
0.501408	0.024522
0.502391	0.024376
0.503374	0.024232
0.504356	0.024088
0.505339	0.023946
0.506322	0.023804
0.507305	0.023664
0.508287	0.023524
0.509270	0.023385
0.510253	0.023247
0.511236	0.023110
0.512218	0.022974
0.513201	0.022839
0.514184	0.022705
0.515167	0.022571
0.516150	0.022438
0.517132	0.022307
0.518115	0.022176
0.519098	0.022045
0.520081	0.021916
0.521063	0.021788
0.522046	0.021660
0.523029	0.021533
0.524012	0.021407
0.524995	0.021281
0.525977	0.021157
0.526960	0.021033
0.527943	0.020909
0.528926	0.020787
0.529908	0.020665
0.530891	0.020544
0.531874	0.020424
0.532857	0.020305
0.533840	0.020186
0.534822	0.020068
0.535805	0.019950
0.536788	0.019833
0.537771	0.019717
0.538753	0.019602
0.539736	0.019487
0.540719	0.019373
0.541702	0.019260
0.542685	0.019147
0.543667	0.019035
0.544650	0.018924
0.545633	0.018813
0.546616	0.018703
0.547598	0.018593
0.548581	0.018484
0.549564	0.018376
0.550547	0.018268
0.551530	0.018161
0.552512	0.018055
0.553495	0.017949
0.554478	0.017844
0.555461	0.017739
0.556443	0.017635
0.557426	0.017531
0.558409	0.017428
0.559392	0.017326
0.560374	0.017224
0.561357	0.017123
0.562340	0.017022
0.563323	0.016922
0.564306	0.016823
0.565288	0.016724
0.566271	0.016626
0.567254	0.016528
0.568237	0.016430
0.569219	0.016334
0.570202	0.016237
0.571185	0.016142
0.572168	0.016046
0.573151	0.015952
0.574133	0.015858
0.575116	0.015764
0.576099	0.015671
0.577082	0.015578
0.578064	0.015486
0.579047	0.015395
0.580030	0.015304
0.581013	0.015213
0.581996	0.015123
0.582978	0.015033
0.583961	0.014944
0.584944	0.014856
0.585927	0.014768
0.586909	0.014680
0.587892	0.014593
0.588875	0.014506
0.589858	0.014420
0.590841	0.014334
0.591823	0.014249
0.592806	0.014164
0.593789	0.014080
0.594772	0.013996
0.595754	0.013913
0.596737	0.013830
0.597720	0.013748
0.598703	0.013666
0.599686	0.013584
0.600668	0.013503
0.601651	0.013422
0.602634	0.013342
0.603617	0.013262
0.604599	0.013183
0.605582	0.013104
0.606565	0.013025
0.607548	0.012947
0.608530	0.012870
0.609513	0.012793
0.610496	0.012716
0.611479	0.012639
0.612462	0.012563
0.613444	0.012488
0.614427	0.012413
0.615410	0.012338
0.616393	0.012264
0.617375	0.012190
0.618358	0.012117
0.619341	0.012044
0.620324	0.011971
0.621307	0.011899
0.622289	0.011827
0.623272	0.011755
0.624255	0.011684
0.625238	0.011614
0.626220	0.011543
0.627203	0.011473
0.628186	0.011404
0.629169	0.011335
0.630152	0.011266
0.631134	0.011198
0.632117	0.011130
0.633100	0.011062
0.634083	0.010995
0.635065	0.010928
0.636048	0.010861
0.637031	0.010795
0.638014	0.010730
0.638997	0.010664
0.639979	0.010599
0.640962	0.010534
0.641945	0.010470
0.642928	0.010406
0.643910	0.010343
0.644893	0.010279
0.645876	0.010217
0.646859	0.010154
0.647842	0.010092
0.648824	0.010030
0.649807	0.009968
0.650790	0.009907
0.651773	0.009847
0.652755	0.009786
0.653738	0.009726
0.654721	0.009666
0.655704	0.009607
0.656686	0.009548
0.657669	0.009489
0.658652	0.009430
0.659635	0.009372
0.660618	0.009314
0.661600	0.009257
0.662583	0.009200
0.663566	0.009143
0.664549	0.009086
0.665531	0.009030
0.666514	0.008974
0.667497	0.008919
0.668480	0.008863
0.669463	0.008808
0.670445	0.008754
0.671428	0.008700
0.672411	0.008646
0.673394	0.008592
0.674376	0.008538
0.675359	0.008485
0.676342	0.008432
0.677325	0.008380
0.678308	0.008328
0.679290	0.008276
0.680273	0.008224
0.681256	0.008173
0.682239	0.008122
0.683221	0.008071
0.684204	0.008021
0.685187	0.007971
0.686170	0.007921
0.687153	0.007871
0.688135	0.007822
0.689118	0.007773
0.690101	0.007724
0.691084	0.007676
0.692066	0.007627
0.693049	0.007579
0.694032	0.007532
0.695015	0.007484
0.695998	0.007437
0.696980	0.007391
0.697963	0.007344
0.698946	0.007298
0.699929	0.007252
0.700911	0.007206
0.701894	0.007160
0.702877	0.007115
0.703860	0.007070
0.704842	0.007026
0.705825	0.006981
0.706808	0.006937
0.707791	0.006893
0.708774	0.006849
0.709756	0.006806
0.710739	0.006763
0.711722	0.006720
0.712705	0.006677
0.713687	0.006635
0.714670	0.006593
0.715653	0.006551
0.716636	0.006509
0.717619	0.006467
0.718601	0.006426
0.719584	0.006385
0.720567	0.006344
0.721550	0.006304
0.722532	0.006264
0.723515	0.006224
0.724498	0.006184
0.725481	0.006144
0.726464	0.006105
0.727446	0.006066
0.728429	0.006027
0.729412	0.005988
0.730395	0.005950
0.731377	0.005912
0.732360	0.005874
0.733343	0.005836
0.734326	0.005799
0.735309	0.005761
0.736291	0.005724
0.737274	0.005687
0.738257	0.005651
0.739240	0.005614
0.740222	0.005578
0.741205	0.005542
0.742188	0.005506
0.743171	0.005471
0.744154	0.005435
0.745136	0.005400
0.746119	0.005365
0.747102	0.005330
0.748085	0.005296
0.749067	0.005261
0.750050	0.005227
0.751033	0.005193
0.752016	0.005160
0.752999	0.005126
0.753981	0.005093
0.754964	0.005060
0.755947	0.005027
0.756930	0.004994
0.757912	0.004961
0.758895	0.004929
0.759878	0.004897
0.760861	0.004865
0.761843	0.004833
0.762826	0.004801
0.763809	0.004770
0.764792	0.004739
0.765775	0.004708
0.766757	0.004677
0.767740	0.004646
0.768723	0.004616
0.769706	0.004585
0.770688	0.004555
0.771671	0.004525
0.772654	0.004495
0.773637	0.004466
0.774620	0.004436
0.775602	0.004407
0.776585	0.004378
0.777568	0.004349
0.778551	0.004320
0.779533	0.004292
0.780516	0.004263
0.781499	0.004235
0.782482	0.004207
0.783465	0.004179
0.784447	0.004151
0.785430	0.004124
0.786413	0.004097
0.787396	0.004069
0.788378	0.004042
0.789361	0.004015
0.790344	0.003989
0.791327	0.003962
0.792310	0.003936
0.793292	0.003909
0.794275	0.003883
0.795258	0.003857
0.796241	0.003831
0.797223	0.003806
0.798206	0.003780
0.799189	0.003755
0.800172	0.003730
0.801155	0.003705
0.802137	0.003680
0.803120	0.003655
0.804103	0.003631
0.805086	0.003606
0.806068	0.003582
0.807051	0.003558
0.808034	0.003534
0.809017	0.003510
0.809999	0.003486
0.810982	0.003462
0.811965	0.003439
0.812948	0.003416
0.813931	0.003393
0.814913	0.003370
0.815896	0.003347
0.816879	0.003324
0.817862	0.003301
0.818844	0.003279
0.819827	0.003256
0.820810	0.003234
0.821793	0.003212
0.822776	0.003190
0.823758	0.003168
0.824741	0.003147
0.825724	0.003125
0.826707	0.003104
0.827689	0.003082
0.828672	0.003061
0.829655	0.003040
0.830638	0.003019
0.831621	0.002999
0.832603	0.002978
0.833586	0.002957
0.834569	0.002937
0.835552	0.002917
0.836534	0.002896
0.837517	0.002876
0.838500	0.002856
0.839483	0.002837
0.840466	0.002817
0.841448	0.002797
0.842431	0.002778
0.843414	0.002758
0.844397	0.002739
0.845379	0.002720
0.846362	0.002701
0.847345	0.002682
0.848328	0.002663
0.849311	0.002645
0.850293	0.002626
0.851276	0.002608
0.852259	0.002589
0.853242	0.002571
0.854224	0.002553
0.855207	0.002535
0.856190	0.002517
0.857173	0.002499
0.858155	0.002481
0.859138	0.002464
0.860121	0.002446
0.861104	0.002429
0.862087	0.002412
0.863069	0.002394
0.864052	0.002377
0.865035	0.002360
0.866018	0.002343
0.867000	0.002327
0.867983	0.002310
0.868966	0.002293
0.869949	0.002277
0.870932	0.002260
0.871914	0.002244
0.872897	0.002228
0.873880	0.002212
0.874863	0.002196
0.875845	0.002180
0.876828	0.002164
0.877811	0.002148
0.878794	0.002133
0.879777	0.002117
0.880759	0.002102
0.881742	0.002086
0.882725	0.002071
0.883708	0.002056
0.884690	0.002040
0.885673	0.002025
0.886656	0.002011
0.887639	0.001996
0.888622	0.001981
0.889604	0.001966
0.890587	0.001952
0.891570	0.001937
0.892553	0.001923
0.893535	0.001908
0.894518	0.001894
0.895501	0.001880
0.896484	0.001866
0.897467	0.001852
0.898449	0.001838
0.899432	0.001824
0.900415	0.001810
0.901398	0.001796
0.902380	0.001783
0.903363	0.001769
0.904346	0.001755
0.905329	0.001742
0.906311	0.001729
0.907294	0.001715
0.908277	0.001702
0.909260	0.001689
0.910243	0.001676
0.911225	0.001663
0.912208	0.001650
0.913191	0.001637
0.914174	0.001625
0.915156	0.001612
0.916139	0.001599
0.917122	0.001587
0.918105	0.001574
0.919088	0.001562
0.920070	0.001549
0.921053	0.001537
0.922036	0.001525
0.923019	0.001513
0.924001	0.001501
0.924984	0.001489
0.925967	0.001477
0.926950	0.001465
0.927933	0.001453
0.928915	0.001441
0.929898	0.001430
0.930881	0.001418
0.931864	0.001406
0.932846	0.001395
0.933829	0.001383
0.934812	0.001372
0.935795	0.001361
0.936778	0.001349
0.937760	0.001338
0.938743	0.001327
0.939726	0.001316
0.940709	0.001305
0.941691	0.001294
0.942674	0.001283
0.943657	0.001272
0.944640	0.001261
0.945623	0.001251
0.946605	0.001240
0.947588	0.001229
0.948571	0.001219
0.949554	0.001208
0.950536	0.001198
0.951519	0.001187
0.952502	0.001177
0.953485	0.001166
0.954467	0.001156
0.955450	0.001146
0.956433	0.001136
0.957416	0.001126
0.958399	0.001115
0.959381	0.001105
0.960364	0.001095
0.961347	0.001085
0.962330	0.001076
0.963312	0.001066
0.964295	0.001056
0.965278	0.001046
0.966261	0.001036
0.967244	0.001027
0.968226	0.001017
0.969209	0.001008
0.970192	0.000998
0.971175	0.000989
0.972157	0.000979
0.973140	0.000970
0.974123	0.000960
0.975106	0.000951
0.976089	0.000942
0.977071	0.000933
0.978054	0.000923
0.979037	0.000914
0.980020	0.000905
0.981002	0.000896
0.981985	0.000887
0.982968	0.000878
0.983951	0.000869
0.984934	0.000860
0.985916	0.000851
0.986899	0.000843
0.987882	0.000834
0.988865	0.000825
0.989847	0.000816
0.990830	0.000808
0.991813	0.000799
0.992796	0.000790
0.993779	0.000782
0.994761	0.000773
0.995744	0.000765
0.996727	0.000756
0.997710	0.000748
0.998692	0.000739
0.999675	0.000731
1.000658	0.000723
1.001641	0.000714
1.002624	0.000706
1.003606	0.000698
1.004589	0.000690
1.005572	0.000681
1.006555	0.000673
1.007537	0.000665
1.008520	0.000657
1.009503	0.000649
1.010486	0.000641
1.011468	0.000633
1.012451	0.000625
1.013434	0.000617
1.014417	0.000609
1.015400	0.000601
1.016382	0.000593
1.017365	0.000585
1.018348	0.000578
1.019331	0.000570
1.020313	0.000562
1.021296	0.000554
1.022279	0.000546
1.023262	0.000539
1.024245	0.000531
1.025227	0.000523
1.026210	0.000516
1.027193	0.000508
1.028176	0.000501
1.029158	0.000493
1.030141	0.000486
1.031124	0.000478
1.032107	0.000471
1.033090	0.000463
1.034072	0.000456
1.035055	0.000448
1.036038	0.000441
1.037021	0.000433
1.038003	0.000426
1.038986	0.000419
1.039969	0.000411
1.040952	0.000404
1.041935	0.000397
1.042917	0.000389
1.043900	0.000382
1.044883	0.000375
1.045866	0.000368
1.046848	0.000360
1.047831	0.000353
1.048814	0.000346
1.049797	0.000339
1.050780	0.000332
1.051762	0.000325
1.052745	0.000317
1.053728	0.000310
1.054711	0.000303
1.055693	0.000296
1.056676	0.000289
1.057659	0.000282
1.058642	0.000275
1.059624	0.000268
1.060607	0.000261
1.061590	0.000254
1.062573	0.000247
1.063556	0.000240
1.064538	0.000233
1.065521	0.000226
1.066504	0.000219
1.067487	0.000212
1.068469	0.000205
1.069452	0.000198
1.070435	0.000191
1.071418	0.000184
1.072401	0.000178
1.073383	0.000171
1.074366	0.000164
1.075349	0.000157
1.076332	0.000150
1.077314	0.000143
1.078297	0.000136
1.079280	0.000129
1.080263	0.000123
1.081246	0.000116
1.082228	0.000109
1.083211	0.000102
1.084194	0.000095
1.085177	0.000088
1.086159	0.000082
1.087142	0.000075
1.088125	0.000068
1.089108	0.000061
1.090091	0.000054
1.091073	0.000048
1.092056	0.000041
1.093039	0.000034
1.094022	0.000027
1.095004	0.000020
1.095987	0.000014
1.096970	0.000007
1.097945	0.000010
1.098920	0.000014
1.099894	0.000017
1.100869	0.000020
1.101844	0.000024
1.102819	0.000027
1.103794	0.000031
1.104768	0.000034
1.105743	0.000037
1.106718	0.000041
1.107693	0.000044
1.108667	0.000048
1.109642	0.000051
1.110617	0.000054
1.111592	0.000058
1.112567	0.000061
1.113541	0.000065
1.114516	0.000068
1.115491	0.000072
1.116466	0.000075
1.117441	0.000079
1.118415	0.000082
1.119390	0.000086
1.120365	0.000089
1.121340	0.000092
1.122315	0.000096
1.123289	0.000099
1.124264	0.000103
1.125239	0.000106
1.126214	0.000110
1.127189	0.000113
1.128163	0.000117
1.129138	0.000120
1.130113	0.000124
1.131088	0.000127
1.132062	0.000131
1.133037	0.000134
1.134012	0.000138
1.134987	0.000141
1.135962	0.000145
1.136936	0.000148
1.137911	0.000152
1.138886	0.000155
1.139861	0.000159
1.140836	0.000162
1.141810	0.000166
1.142785	0.000169
1.143760	0.000173
1.144735	0.000176
1.145710	0.000180
1.146684	0.000183
1.147659	0.000186
1.148634	0.000190
1.149609	0.000193
1.150584	0.000197
1.151558	0.000200
1.152533	0.000204
1.153508	0.000207
1.154483	0.000211
1.155457	0.000214
1.156432	0.000218
1.157407	0.000221
1.158382	0.000225
1.159357	0.000228
1.160331	0.000232
1.161306	0.000235
1.162281	0.000238
1.163256	0.000242
1.164231	0.000245
1.165205	0.000249
1.166180	0.000252
1.167155	0.000256
1.168130	0.000259
1.169105	0.000262
1.170079	0.000266
1.171054	0.000269
1.172029	0.000273
1.173004	0.000276
1.173979	0.000279
1.174953	0.000283
1.175928	0.000286
1.176903	0.000290
1.177878	0.000293
1.178852	0.000296
1.179827	0.000300
1.180802	0.000303
1.181777	0.000306
1.182752	0.000310
1.183726	0.000313
1.184701	0.000316
1.185676	0.000320
1.186651	0.000323
1.187626	0.000326
1.188600	0.000330
1.189575	0.000333
1.190550	0.000336
1.191525	0.000340
1.192500	0.000343
1.193474	0.000346
1.194449	0.000349
1.195424	0.000353
1.196399	0.000356
1.197374	0.000359
1.198348	0.000362
1.199323	0.000366
1.200298	0.000369
1.201273	0.000372
1.202247	0.000375
1.203222	0.000378
1.204197	0.000382
1.205172	0.000385
1.206147	0.000388
1.207121	0.000391
1.208096	0.000394
1.209071	0.000397
1.210046	0.000400
1.211021	0.000404
1.211995	0.000407
1.212970	0.000410
1.213945	0.000413
1.214920	0.000416
1.215895	0.000419
1.216869	0.000422
1.217844	0.000425
1.218819	0.000428
1.219794	0.000431
1.220769	0.000434
1.221743	0.000437
1.222718	0.000440
1.223693	0.000443
1.224668	0.000446
1.225643	0.000449
1.226617	0.000452
1.227592	0.000455
1.228567	0.000458
1.229542	0.000461
1.230516	0.000463
1.231491	0.000466
1.232466	0.000469
1.233441	0.000472
1.234416	0.000475
1.235390	0.000478
1.236365	0.000481
1.237340	0.000483
1.238315	0.000486
1.239290	0.000489
1.240264	0.000492
1.241239	0.000494
1.242214	0.000497
1.243189	0.000500
1.244164	0.000503
1.245138	0.000505
1.246113	0.000508
1.247088	0.000511
1.248063	0.000513
1.249038	0.000516
1.250012	0.000518
1.250987	0.000521
1.251962	0.000524
1.252937	0.000526
1.253911	0.000529
1.254886	0.000531
1.255861	0.000534
1.256836	0.000536
1.257811	0.000539
1.258785	0.000541
1.259760	0.000544
1.260735	0.000546
1.261710	0.000549
1.262685	0.000551
1.263659	0.000553
1.264634	0.000556
1.265609	0.000558
1.266584	0.000560
1.267559	0.000563
1.268533	0.000565
1.269508	0.000567
1.270483	0.000570
1.271458	0.000572
1.272433	0.000574
1.273407	0.000576
1.274382	0.000579
1.275357	0.000581
1.276332	0.000583
1.277306	0.000585
1.278281	0.000587
1.279256	0.000589
1.280231	0.000591
1.281206	0.000593
1.282180	0.000596
1.283155	0.000598
1.284130	0.000600
1.285105	0.000602
1.286080	0.000604
1.287054	0.000606
1.288029	0.000607
1.289004	0.000609
1.289979	0.000611
1.290954	0.000613
1.291928	0.000615
1.292903	0.000617
1.293878	0.000619
1.294853	0.000621
1.295828	0.000622
1.296802	0.000624
1.297777	0.000626
1.298752	0.000628
1.299727	0.000629
1.300701	0.000631
1.301676	0.000633
1.302651	0.000634
1.303626	0.000636
1.304601	0.000637
1.305575	0.000639
1.306550	0.000641
1.307525	0.000642
1.308500	0.000644
1.309475	0.000645
1.310449	0.000647
1.311424	0.000648
1.312399	0.000649
1.313374	0.000651
1.314349	0.000652
1.315323	0.000654
1.316298	0.000655
1.317273	0.000656
1.318248	0.000658
1.319223	0.000659
1.320197	0.000660
1.321172	0.000661
1.322147	0.000663
1.323122	0.000664
1.324096	0.000665
1.325071	0.000666
1.326046	0.000667
1.327021	0.000668
1.327996	0.000669
1.328970	0.000670
1.329945	0.000671
1.330920	0.000672
1.331895	0.000673
1.332870	0.000674
1.333844	0.000675
1.334819	0.000676
1.335794	0.000677
1.336769	0.000678
1.337744	0.000679
1.338718	0.000680
1.339693	0.000680
1.340668	0.000681
1.341643	0.000682
1.342618	0.000683
1.343592	0.000683
1.344567	0.000684
1.345542	0.000685
1.346517	0.000685
1.347492	0.000686
1.348466	0.000686
1.349441	0.000687
1.350416	0.000687
1.351391	0.000688
1.352365	0.000688
1.353340	0.000689
1.354315	0.000689
1.355290	0.000690
1.356265	0.000690
1.357239	0.000690
1.358214	0.000691
1.359189	0.000691
1.360164	0.000691
1.361139	0.000691
1.362113	0.000692
1.363088	0.000692
1.364063	0.000692
1.365038	0.000692
1.366013	0.000692
1.366987	0.000692
1.367962	0.000692
1.368937	0.000693
1.369912	0.000693
1.370887	0.000693
1.371861	0.000692
1.372836	0.000692
1.373811	0.000692
1.374786	0.000692
1.375760	0.000692
1.376735	0.000692
1.377710	0.000692
1.378685	0.000691
1.379660	0.000691
1.380634	0.000691
1.381609	0.000691
1.382584	0.000690
1.383559	0.000690
1.384534	0.000690
1.385508	0.000689
1.386483	0.000689
1.387458	0.000688
1.388433	0.000688
1.389408	0.000687
1.390382	0.000687
1.391357	0.000686
1.392332	0.000686
1.393307	0.000685
1.394282	0.000684
1.395256	0.000684
1.396231	0.000683
1.397206	0.000682
1.398181	0.000681
1.399155	0.000681
1.400130	0.000680
1.401105	0.000679
1.402080	0.000678
1.403055	0.000677
1.404029	0.000676
1.405004	0.000675
1.405979	0.000674
1.406954	0.000673
1.407929	0.000672
1.408903	0.000671
1.409878	0.000670
1.410853	0.000669
1.411828	0.000668
1.412803	0.000667
1.413777	0.000666
1.414752	0.000664
1.415727	0.000663
1.416702	0.000662
1.417677	0.000661
1.418651	0.000659
1.419626	0.000658
1.420601	0.000656
1.421576	0.000655
1.422550	0.000654
1.423525	0.000652
1.424500	0.000651
1.425475	0.000649
1.426450	0.000648
1.427424	0.000646
1.428399	0.000644
1.429374	0.000643
1.430349	0.000641
1.431324	0.000639
1.432298	0.000638
1.433273	0.000636
1.434248	0.000634
1.435223	0.000632
1.436198	0.000631
1.437172	0.000629
1.438147	0.000627
1.439122	0.000625
1.440097	0.000623
1.441072	0.000621
1.442046	0.000619
1.443021	0.000617
1.443996	0.000615
1.444971	0.000613
1.445946	0.000611
1.446920	0.000609
1.447895	0.000606
1.448870	0.000604
1.449845	0.000602
1.450819	0.000600
1.451794	0.000597
1.452769	0.000595
1.453744	0.000593
1.454719	0.000590
1.455693	0.000588
1.456668	0.000586
1.457643	0.000583
1.458618	0.000581
1.459593	0.000578
1.460567	0.000576
1.461542	0.000573
1.462517	0.000571
1.463492	0.000568
1.464467	0.000565
1.465441	0.000563
1.466416	0.000560
1.467391	0.000557
1.468366	0.000554
1.469341	0.000552
1.470315	0.000549
1.471290	0.000546
1.472265	0.000543
1.473240	0.000540
1.474214	0.000537
1.475189	0.000534
1.476164	0.000531
1.477139	0.000528
1.478114	0.000525
1.479088	0.000522
1.480063	0.000519
1.481038	0.000516
1.482013	0.000513
1.482988	0.000510
1.483962	0.000506
1.484937	0.000503
1.485912	0.000500
1.486887	0.000497
1.487862	0.000493
1.488836	0.000490
1.489811	0.000487
1.490786	0.000483
1.491761	0.000480
1.492736	0.000476
1.493710	0.000473
1.494685	0.000469
1.495660	0.000466
1.496635	0.000462
1.497609	0.000459
1.498584	0.000455
1.499559	0.000451
1.500534	0.000448
1.501509	0.000444
1.502483	0.000440
1.503458	0.000436
1.504433	0.000433
1.505408	0.000429
1.506383	0.000425
1.507357	0.000421
1.508332	0.000417
1.509307	0.000413
1.510282	0.000409
1.511257	0.000405
1.512231	0.000401
1.513206	0.000397
1.514181	0.000393
1.515156	0.000389
1.516131	0.000385
1.517105	0.000380
1.518080	0.000376
1.519055	0.000372
1.520030	0.000368
1.521004	0.000363
1.521979	0.000359
1.522954	0.000355
1.523929	0.000350
1.524904	0.000346
1.525878	0.000341
1.526853	0.000337
1.527828	0.000332
1.528803	0.000328
1.529778	0.000323
1.530752	0.000318
1.531727	0.000314
1.532702	0.000309
1.533677	0.000304
1.534652	0.000300
1.535626	0.000295
1.536601	0.000290
1.537576	0.000285
1.538551	0.000280
1.539526	0.000275
1.540500	0.000270
1.541475	0.000265
1.542450	0.000260
1.543425	0.000255
1.544399	0.000250
1.545374	0.000245
1.546349	0.000240
1.547324	0.000235
1.548299	0.000230
1.549273	0.000224
1.550248	0.000219
1.551223	0.000214
1.552198	0.000208
1.553173	0.000203
1.554147	0.000197
1.555122	0.000192
1.556097	0.000186
1.557072	0.000181
1.558047	0.000175
1.559021	0.000170
1.559996	0.000164
1.560971	0.000158
1.561946	0.000153
1.562921	0.000147
1.563895	0.000141
1.564870	0.000135
1.565845	0.000129
1.566820	0.000123
1.567795	0.000117
1.568769	0.000111
1.569744	0.000105
1.570719	0.000099
1.571694	0.000092
1.572668	0.000086
1.573643	0.000080
1.574618	0.000074
1.575593	0.000067
1.576568	0.000061
1.577542	0.000054
1.578517	0.000048
1.579492	0.000041
1.580467	0.000034
1.581442	0.000028
1.582416	0.000021
1.583391	0.000014
1.584366	0.000007
1.585349	0.000014
1.586332	0.000021
1.587314	0.000028
1.588297	0.000035
1.589280	0.000042
1.590263	0.000049
1.591245	0.000057
1.592228	0.000064
1.593211	0.000071
1.594194	0.000078
1.595176	0.000085
1.596159	0.000092
1.597142	0.000099
1.598125	0.000106
1.599108	0.000113
1.600090	0.000120
1.601073	0.000127
1.602056	0.000135
1.603039	0.000142
1.604021	0.000149
1.605004	0.000156
1.605987	0.000163
1.606970	0.000170
1.607953	0.000178
1.608935	0.000185
1.609918	0.000192
1.610901	0.000199
1.611884	0.000206
1.612866	0.000213
1.613849	0.000221
1.614832	0.000228
1.615815	0.000235
1.616798	0.000242
1.617780	0.000250
1.618763	0.000257
1.619746	0.000264
1.620729	0.000272
1.621711	0.000279
1.622694	0.000286
1.623677	0.000294
1.624660	0.000301
1.625643	0.000308
1.626625	0.000316
1.627608	0.000323
1.628591	0.000331
1.629574	0.000338
1.630556	0.000346
1.631539	0.000353
1.632522	0.000361
1.633505	0.000368
1.634488	0.000376
1.635470	0.000383
1.636453	0.000391
1.637436	0.000398
1.638419	0.000406
1.639401	0.000414
1.640384	0.000421
1.641367	0.000429
1.642350	0.000437
1.643333	0.000444
1.644315	0.000452
1.645298	0.000460
1.646281	0.000468
1.647264	0.000475
1.648246	0.000483
1.649229	0.000491
1.650212	0.000499
1.651195	0.000507
1.652177	0.000515
1.653160	0.000523
1.654143	0.000531
1.655126	0.000539
1.656109	0.000547
1.657091	0.000555
1.658074	0.000563
1.659057	0.000571
1.660040	0.000579
1.661022	0.000587
1.662005	0.000596
1.662988	0.000604
1.663971	0.000612
1.664954	0.000620
1.665936	0.000629
1.666919	0.000637
1.667902	0.000645
1.668885	0.000654
1.669867	0.000662
1.670850	0.000671
1.671833	0.000679
1.672816	0.000688
1.673799	0.000696
1.674781	0.000705
1.675764	0.000714
1.676747	0.000722
1.677730	0.000731
1.678712	0.000740
1.679695	0.000749
1.680678	0.000758
1.681661	0.000766
1.682644	0.000775
1.683626	0.000784
1.684609	0.000793
1.685592	0.000802
1.686575	0.000811
1.687557	0.000821
1.688540	0.000830
1.689523	0.000839
1.690506	0.000848
1.691489	0.000857
1.692471	0.000867
1.693454	0.000876
1.694437	0.000886
1.695420	0.000895
1.696402	0.000905
1.697385	0.000914
1.698368	0.000924
1.699351	0.000933
1.700333	0.000943
1.701316	0.000953
1.702299	0.000963
1.703282	0.000972
1.704265	0.000982
1.705247	0.000992
1.706230	0.001002
1.707213	0.001012
1.708196	0.001022
1.709178	0.001033
1.710161	0.001043
1.711144	0.001053
1.712127	0.001063
1.713110	0.001074
1.714092	0.001084
1.715075	0.001095
1.716058	0.001105
1.717041	0.001116
1.718023	0.001126
1.719006	0.001137
1.719989	0.001148
1.720972	0.001159
1.721955	0.001169
1.722937	0.001180
1.723920	0.001191
1.724903	0.001202
1.725886	0.001213
1.726868	0.001225
1.727851	0.001236
1.728834	0.001247
1.729817	0.001258
1.730800	0.001270
1.731782	0.001281
1.732765	0.001293
1.733748	0.001305
1.734731	0.001316
1.735713	0.001328
1.736696	0.001340
1.737679	0.001352
1.738662	0.001364
1.739645	0.001376
1.740627	0.001388
1.741610	0.001400
1.742593	0.001412
1.743576	0.001425
1.744558	0.001437
1.745541	0.001449
1.746524	0.001462
1.747507	0.001475
1.748489	0.001487
1.749472	0.001500
1.750455	0.001513
1.751438	0.001526
1.752421	0.001539
1.753403	0.001552
1.754386	0.001565
1.755369	0.001578
1.756352	0.001592
1.757334	0.001605
1.758317	0.001618
1.759300	0.001632
1.760283	0.001646
1.761266	0.001659
1.762248	0.001673
1.763231	0.001687
1.764214	0.001701
1.765197	0.001715
1.766179	0.001729
1.767162	0.001744
1.768145	0.001758
1.769128	0.001772
1.770111	0.001787
1.771093	0.001802
1.772076	0.001816
1.773059	0.001831
1.774042	0.001846
1.775024	0.001861
1.776007	0.001876
1.776990	0.001891
1.777973	0.001907
1.778956	0.001922
1.779938	0.001938
1.780921	0.001953
1.781904	0.001969
1.782887	0.001985
1.783869	0.002001
1.784852	0.002017
1.785835	0.002033
1.786818	0.002049
1.787801	0.002065
1.788783	0.002082
1.789766	0.002098
1.790749	0.002115
1.791732	0.002132
1.792714	0.002149
1.793697	0.002166
1.794680	0.002183
1.795663	0.002200
1.796645	0.002217
1.797628	0.002235
1.798611	0.002252
1.799594	0.002270
1.800577	0.002288
1.801559	0.002306
1.802542	0.002324
1.803525	0.002342
1.804508	0.002360
1.805490	0.002379
1.806473	0.002398
1.807456	0.002416
1.808439	0.002435
1.809422	0.002454
1.810404	0.002473
1.811387	0.002492
1.812370	0.002512
1.813353	0.002531
1.814335	0.002551
1.815318	0.002571
1.816301	0.002590
1.817284	0.002610
1.818267	0.002631
1.819249	0.002651
1.820232	0.002671
1.821215	0.002692
1.822198	0.002713
1.823180	0.002734
1.824163	0.002755
1.825146	0.002776
1.826129	0.002797
1.827112	0.002819
1.828094	0.002840
1.829077	0.002862
1.830060	0.002884
1.831043	0.002906
1.832025	0.002928
1.833008	0.002951
1.833991	0.002974
1.834974	0.002996
1.835957	0.003019
1.836939	0.003042
1.837922	0.003066
1.838905	0.003089
1.839888	0.003113
1.840870	0.003136
1.841853	0.003160
1.842836	0.003184
1.843819	0.003209
1.844801	0.003233
1.845784	0.003258
1.846767	0.003282
1.847750	0.003307
1.848733	0.003333
1.849715	0.003358
1.850698	0.003383
1.851681	0.003409
1.852664	0.003435
1.853646	0.003461
1.854629	0.003488
1.855612	0.003514
1.856595	0.003541
1.857578	0.003568
1.858560	0.003595
1.859543	0.003622
1.860526	0.003649
1.861509	0.003677
1.862491	0.003705
1.863474	0.003733
1.864457	0.003761
1.865440	0.003790
1.866423	0.003819
1.867405	0.003848
1.868388	0.003877
1.869371	0.003906
1.870354	0.003936
1.871336	0.003966
1.872319	0.003996
1.873302	0.004026
1.874285	0.004057
1.875268	0.004087
1.876250	0.004118
1.877233	0.004150
1.878216	0.004181
1.879199	0.004213
1.880181	0.004245
1.881164	0.004277
1.882147	0.004309
1.883130	0.004342
1.884113	0.004375
1.885095	0.004408
1.886078	0.004441
1.887061	0.004475
1.888044	0.004509
1.889026	0.004543
1.890009	0.004578
1.890992	0.004612
1.891975	0.004647
1.892958	0.004683
1.893940	0.004718
1.894923	0.004754
1.895906	0.004790
1.896889	0.004826
1.897871	0.004863
1.898854	0.004900
1.899837	0.004937
1.900820	0.004975
1.901802	0.005013
1.902785	0.005051
1.903768	0.005089
1.904751	0.005128
1.905734	0.005167
1.906716	0.005206
1.907699	0.005246
1.908682	0.005286
1.909665	0.005326
1.910647	0.005367
1.911630	0.005407
1.912613	0.005449
1.913596	0.005490
1.914579	0.005532
1.915561	0.005574
1.916544	0.005617
1.917527	0.005660
1.918510	0.005703
1.919492	0.005747
1.920475	0.005790
1.921458	0.005835
1.922441	0.005879
1.923424	0.005924
1.924406	0.005970
1.925389	0.006015
1.926372	0.006062
1.927355	0.006108
1.928337	0.006155
1.929320	0.006202
1.930303	0.006250
1.931286	0.006298
1.932269	0.006346
1.933251	0.006395
1.934234	0.006444
1.935217	0.006494
1.936200	0.006544
1.937182	0.006594
1.938165	0.006645
1.939148	0.006696
1.940131	0.006748
1.941114	0.006800
1.942096	0.006852
1.943079	0.006905
1.944062	0.006959
1.945045	0.007012
1.946027	0.007067
1.947010	0.007121
1.947993	0.007177
1.948976	0.007232
1.949958	0.007288
1.950941	0.007345
1.951924	0.007402
1.952907	0.007459
1.953890	0.007517
1.954872	0.007576
1.955855	0.007635
1.956838	0.007694
1.957821	0.007754
1.958803	0.007815
1.959786	0.007876
1.960769	0.007938
1.961752	0.008000
1.962735	0.008062
1.963717	0.008125
1.964700	0.008189
1.965683	0.008253
1.966666	0.008318
1.967648	0.008383
1.968631	0.008449
1.969614	0.008516
1.970597	0.008583
1.971580	0.008650
1.972562	0.008719
1.973545	0.008787
1.974528	0.008857
1.975511	0.008927
1.976493	0.008997
1.977476	0.009069
1.978459	0.009140
1.979442	0.009213
1.980425	0.009286
1.981407	0.009360
1.982390	0.009434
1.983373	0.009509
1.984356	0.009585
1.985338	0.009662
1.986321	0.009739
1.987304	0.009816
1.988287	0.009895
1.989270	0.009974
1.990252	0.010054
1.991235	0.010135
1.992218	0.010216
1.993201	0.010298
1.994183	0.010381
1.995166	0.010464
1.996149	0.010549
1.997132	0.010634
1.998114	0.010720
1.999097	0.010806
2.000080	0.010894
2.001063	0.010982
2.002046	0.011071
2.003028	0.011161
2.004011	0.011252
2.004994	0.011343
2.005977	0.011436
2.006959	0.011529
2.007942	0.011623
2.008925	0.011718
2.009908	0.011814
2.010891	0.011911
2.011873	0.012008
2.012856	0.012107
2.013839	0.012207
2.014822	0.012307
2.015804	0.012408
2.016787	0.012511
2.017770	0.012614
2.018753	0.012718
2.019736	0.012824
2.020718	0.012930
2.021701	0.013037
2.022684	0.013146
2.023667	0.013255
2.024649	0.013366
2.025632	0.013477
2.026615	0.013590
2.027598	0.013704
2.028581	0.013819
2.029563	0.013934
2.030546	0.014052
2.031529	0.014170
2.032512	0.014289
2.033494	0.014410
2.034477	0.014531
2.035460	0.014654
2.036443	0.014779
2.037426	0.014904
2.038408	0.015031
2.039391	0.015158
2.040374	0.015288
2.041357	0.015418
2.042339	0.015550
2.043322	0.015683
2.044305	0.015817
2.045288	0.015953
2.046270	0.016090
2.047253	0.016229
2.048236	0.016369
2.049219	0.016510
2.050202	0.016653
2.051184	0.016797
2.052167	0.016943
2.053150	0.017090
2.054133	0.017239
2.055115	0.017389
2.056098	0.017541
2.057081	0.017694
2.058064	0.017849
2.059047	0.018006
2.060029	0.018164
2.061012	0.018324
2.061995	0.018485
2.062978	0.018649
2.063960	0.018814
2.064943	0.018980
2.065926	0.019148
2.066909	0.019318
2.067892	0.019490
2.068874	0.019664
2.069857	0.019839
2.070840	0.020017
2.071823	0.020196
2.072805	0.020377
2.073788	0.020560
2.074771	0.020745
2.075754	0.020931
2.076737	0.021120
2.077719	0.021311
2.078702	0.021504
2.079685	0.021698
2.080668	0.021895
2.081650	0.022094
2.082633	0.022295
2.083616	0.022498
2.084599	0.022703
2.085582	0.022910
2.086564	0.023119
2.087547	0.023330
2.088530	0.023544
2.089513	0.023760
2.090495	0.023978
2.091478	0.024198
2.092461	0.024420
2.093444	0.024644
2.094426	0.024871
2.095409	0.025100
2.096392	0.025331
2.097375	0.025565
2.098358	0.025800
2.099340	0.026038
2.100323	0.026278
2.101306	0.026521
2.102289	0.026765
2.103271	0.027012
2.104254	0.027261
2.105237	0.027512
2.106220	0.027765
2.107203	0.028021
2.108185	0.028278
2.109168	0.028538
2.110151	0.028800
2.111134	0.029064
2.112116	0.029329
2.113099	0.029597
2.114082	0.029867
2.115065	0.030138
2.116048	0.030412
2.117030	0.030687
2.118013	0.030963
2.118996	0.031242
2.119979	0.031522
2.120961	0.031804
2.121944	0.032087
2.122927	0.032371
2.123910	0.032657
2.124893	0.032944
2.125875	0.033233
2.126858	0.033522
2.127841	0.033812
2.128824	0.034104
2.129806	0.034396
2.130789	0.034689
2.131772	0.034983
2.132755	0.035277
2.133738	0.035572
2.134720	0.035867
2.135703	0.036163
2.136686	0.036458
2.137669	0.036754
2.138651	0.037051
2.139634	0.037347
2.140617	0.037643
2.141600	0.037939
2.142583	0.038234
2.143565	0.038530
2.144548	0.038825
2.145531	0.039119
2.146514	0.039414
2.147496	0.039707
2.148479	0.040000
2.149462	0.040293
2.150445	0.040584
2.151427	0.040875
2.152410	0.041165
2.153393	0.041454
2.154376	0.041743
2.155359	0.042030
2.156341	0.042316
2.157324	0.042602
2.158307	0.042886
2.159290	0.043169
2.160272	0.043452
2.161255	0.043733
2.162238	0.044013
2.163221	0.044292
2.164204	0.044570
2.165186	0.044846
2.166169	0.045122
2.167152	0.045396
2.168135	0.045669
2.169117	0.045941
2.170100	0.046211
2.171083	0.046481
2.172066	0.046749
2.173049	0.047016
2.174031	0.047282
2.175014	0.047546
2.175997	0.047810
2.176980	0.048072
2.177962	0.048333
2.178945	0.048592
2.179928	0.048851
2.180911	0.049108
2.181894	0.049364
2.182876	0.049619
2.183859	0.049873
2.184842	0.050126
2.185825	0.050377
2.186807	0.050627
2.187790	0.050876
2.188773	0.051124
2.189756	0.051371
2.190739	0.051617
2.191721	0.051861
2.192704	0.052105
2.193687	0.052348
2.194670	0.052589
2.195652	0.052830
2.196635	0.053069
2.197618	0.053306
2.198601	0.053543
2.199583	0.053778
2.200566	0.054012
2.201549	0.054245
2.202532	0.054478
2.203515	0.054710
2.204497	0.054941
2.205480	0.055171
2.206463	0.055400
2.207446	0.055629
2.208428	0.055855
2.209411	0.056081
2.210394	0.056305
2.211377	0.056528
2.212360	0.056749
2.213342	0.056970
2.214325	0.057189
2.215308	0.057408
2.216291	0.057625
2.217273	0.057842
2.218256	0.058059
2.219239	0.058276
2.220222	0.058492
2.221205	0.058707
2.222187	0.058922
2.223170	0.059136
2.224153	0.059349
2.225136	0.059560
2.226118	0.059769
2.227101	0.059977
2.228084	0.060184
2.229067	0.060390
2.230050	0.060594
2.231032	0.060797
2.232015	0.061000
2.232998	0.061201
2.233981	0.061402
2.234963	0.061601
2.235946	0.061801
2.236929	0.062000
2.237912	0.062198
2.238895	0.062397
2.239877	0.062596
2.240860	0.062795
2.241843	0.062994
2.242826	0.063193
2.243808	0.063390
2.244791	0.063586
2.245774	0.063780
2.246757	0.063973
2.247739	0.064164
2.248722	0.064354
2.249705	0.064542
2.250688	0.064730
2.251671	0.064917
2.252653	0.065102
2.253636	0.065287
2.254619	0.065470
2.255602	0.065653
2.256584	0.065835
2.257567	0.066016
2.258550	0.066196
2.259533	0.066376
2.260516	0.066555
2.261498	0.066733
2.262481	0.066911
2.263464	0.067088
2.264447	0.067266
2.265429	0.067443
2.266412	0.067620
2.267395	0.067798
2.268378	0.067978
2.269361	0.068158
2.270343	0.068338
2.271326	0.068516
2.272309	0.068692
2.273292	0.068866
2.274274	0.069039
2.275257	0.069210
2.276240	0.069381
2.277223	0.069550
2.278206	0.069718
2.279188	0.069885
2.280171	0.070051
2.281154	0.070216
2.282137	0.070380
2.283119	0.070544
2.284102	0.070706
2.285085	0.070868
2.286068	0.071029
2.287051	0.071190
2.288033	0.071350
2.289016	0.071508
2.289999	0.071667
2.290982	0.071824
2.291964	0.071981
2.292947	0.072137
2.293930	0.072293
2.294913	0.072448
2.295895	0.072602
2.296878	0.072755
2.297861	0.072908
2.298844	0.073061
2.299827	0.073212
2.300809	0.073364
2.301792	0.073514
2.302775	0.073664
2.303758	0.073814
2.304740	0.073964
2.305723	0.074114
2.306706	0.074264
2.307689	0.074416
2.308672	0.074570
2.309654	0.074728
2.310637	0.074884
2.311620	0.075036
2.312603	0.075186
2.313585	0.075335
2.314568	0.075481
2.315551	0.075626
2.316534	0.075770
2.317517	0.075914
2.318499	0.076056
2.319482	0.076197
2.320465	0.076338
2.321448	0.076478
2.322430	0.076617
2.323413	0.076755
2.324396	0.076893
2.325379	0.077029
2.326362	0.077166
2.327344	0.077301
2.328327	0.077436
2.329310	0.077570
2.330293	0.077704
2.331275	0.077837
2.332258	0.077969
2.333241	0.078101
2.334224	0.078232
2.335207	0.078362
2.336189	0.078492
2.337172	0.078621
2.338155	0.078750
2.339138	0.078878
2.340120	0.079005
2.341103	0.079132
2.342086	0.079258
2.343069	0.079384
2.344051	0.079509
2.345034	0.079634
2.346017	0.079757
2.347000	0.079881
2.347983	0.080003
2.348965	0.080126
2.349948	0.080247
2.350931	0.080368
2.351914	0.080488
2.352896	0.080608
2.353879	0.080728
2.354862	0.080846
2.355845	0.080964
2.356828	0.081082
2.357810	0.081199
2.358793	0.081315
2.359776	0.081431
2.360759	0.081547
2.361741	0.081662
2.362724	0.081776
2.363707	0.081890
2.364690	0.082003
2.365673	0.082116
2.366655	0.082228
2.367638	0.082340
2.368621	0.082451
2.369604	0.082562
2.370586	0.082673
2.371569	0.082785
2.372552	0.082897
2.373535	0.083014
2.374518	0.083143
2.375500	0.083263
2.376483	0.083378
2.377466	0.083490
2.378449	0.083600
2.379431	0.083709
2.380414	0.083817
2.381397	0.083923
2.382380	0.084029
2.383363	0.084134
2.384345	0.084239
2.385328	0.084342
2.386311	0.084445
2.387294	0.084548
2.388276	0.084649
2.389259	0.084751
2.390242	0.084851
2.391225	0.084951
2.392208	0.085050
2.393190	0.085149
2.394173	0.085247
2.395156	0.085344
2.396139	0.085441
2.397121	0.085537
2.398104	0.085633
2.399087	0.085728
2.400070	0.085823
2.401052	0.085917
2.402035	0.086011
2.403018	0.086104
2.404001	0.086196
2.404984	0.086288
2.405966	0.086379
2.406949	0.086470
2.407932	0.086560
2.408915	0.086650
2.409897	0.086739
2.410880	0.086827
2.411863	0.086915
2.412846	0.087003
2.413829	0.087090
2.414811	0.087176
2.415794	0.087262
2.416777	0.087347
2.417760	0.087432
2.418742	0.087517
2.419725	0.087600
2.420708	0.087684
2.421691	0.087766
2.422674	0.087848
2.423656	0.087930
2.424639	0.088011
2.425622	0.088092
2.426605	0.088172
2.427587	0.088251
2.428570	0.088330
2.429553	0.088409
2.430536	0.088487
2.431519	0.088564
2.432501	0.088641
2.433484	0.088717
2.434467	0.088793
2.435450	0.088869
2.436432	0.088943
2.437415	0.089018
2.438398	0.089092
2.439381	0.089165
2.440364	0.089238
2.441346	0.089310
2.442329	0.089382
2.443312	0.089453
2.444295	0.089523
2.445277	0.089594
2.446260	0.089663
2.447243	0.089732
2.448226	0.089801
2.449208	0.089869
2.450191	0.089937
2.451174	0.090004
2.452157	0.090070
2.453140	0.090136
2.454122	0.090202
2.455105	0.090267
2.456088	0.090331
2.457071	0.090395
2.458053	0.090459
2.459036	0.090522
2.460019	0.090584
2.461002	0.090646
2.461985	0.090708
2.462967	0.090769
2.463950	0.090829
2.464933	0.090889
2.465916	0.090948
2.466898	0.091007
2.467881	0.091066
2.468864	0.091123
2.469847	0.091181
2.470830	0.091238
2.471812	0.091294
2.472795	0.091350
2.473778	0.091405
2.474761	0.091460
2.475743	0.091514
2.476726	0.091568
2.477709	0.091621
2.478692	0.091674
2.479675	0.091727
2.480657	0.091778
2.481640	0.091830
2.482623	0.091880
2.483606	0.091931
2.484588	0.091980
2.485571	0.092030
2.486554	0.092078
2.487537	0.092127
2.488520	0.092174
2.489502	0.092222
2.490485	0.092268
2.491468	0.092315
2.492451	0.092360
2.493433	0.092406
2.494416	0.092450
2.495399	0.092495
2.496382	0.092538
2.497364	0.092582
2.498347	0.092624
2.499330	0.092666
2.500313	0.092708
2.501296	0.092749
2.502278	0.092790
2.503261	0.092830
2.504244	0.092870
2.505227	0.092909
2.506209	0.092948
2.507192	0.092986
2.508175	0.093024
2.509158	0.093061
2.510141	0.093098
2.511123	0.093134
2.512106	0.093169
2.513089	0.093205
2.514072	0.093239
2.515054	0.093273
2.516037	0.093307
2.517020	0.093340
2.518003	0.093373
2.518986	0.093405
2.519968	0.093437
2.520951	0.093468
2.521934	0.093499
2.522917	0.093529
2.523899	0.093559
2.524882	0.093588
2.525865	0.093616
2.526848	0.093645
2.527831	0.093672
2.528813	0.093699
2.529796	0.093726
2.530779	0.093752
2.531762	0.093778
2.532744	0.093803
2.533727	0.093828
2.534710	0.093852
2.535693	0.093876
2.536676	0.093899
2.537658	0.093922
2.538641	0.093944
2.539624	0.093965
2.540607	0.093987
2.541589	0.094007
2.542572	0.094027
2.543555	0.094047
2.544538	0.094066
2.545520	0.094085
2.546503	0.094103
2.547486	0.094121
2.548469	0.094138
2.549452	0.094155
2.550434	0.094171
2.551417	0.094187
2.552400	0.094202
2.553383	0.094217
2.554365	0.094231
2.555348	0.094244
2.556331	0.094258
2.557314	0.094270
2.558297	0.094283
2.559279	0.094294
2.560262	0.094305
2.561245	0.094316
2.562228	0.094326
2.563210	0.094336
2.564193	0.094345
2.565176	0.094354
2.566159	0.094362
2.567142	0.094370
2.568124	0.094377
2.569107	0.094384
2.570090	0.094390
2.571073	0.094396
2.572055	0.094401
2.573038	0.094406
2.574021	0.094410
2.575004	0.094414
2.575987	0.094417
2.576969	0.094420
2.577952	0.094422
2.578935	0.094424
2.579918	0.094425
2.580900	0.094426
2.581883	0.094426
2.582866	0.094426
2.583849	0.094426
2.584832	0.094425
2.585814	0.094424
2.586797	0.094422
2.587780	0.094420
2.588763	0.094417
2.589745	0.094414
2.590728	0.094410
2.591711	0.094406
2.592694	0.094401
2.593676	0.094396
2.594659	0.094390
2.595642	0.094384
2.596625	0.094377
2.597608	0.094370
2.598590	0.094362
2.599573	0.094354
2.600556	0.094345
2.601539	0.094336
2.602521	0.094326
2.603504	0.094316
2.604487	0.094305
2.605470	0.094294
2.606453	0.094283
2.607435	0.094270
2.608418	0.094258
2.609401	0.094244
2.610384	0.094231
2.611366	0.094217
2.612349	0.094202
2.613332	0.094187
2.614315	0.094171
2.615298	0.094155
2.616280	0.094138
2.617263	0.094121
2.618246	0.094103
2.619229	0.094085
2.620211	0.094066
2.621194	0.094047
2.622177	0.094027
2.623160	0.094007
2.624143	0.093987
2.625125	0.093965
2.626108	0.093944
2.627091	0.093922
2.628074	0.093899
2.629056	0.093876
2.630039	0.093852
2.631022	0.093828
2.632005	0.093803
2.632988	0.093778
2.633970	0.093752
2.634953	0.093726
2.635936	0.093699
2.636919	0.093672
2.637901	0.093645
2.638884	0.093616
2.639867	0.093588
2.640850	0.093559
2.641833	0.093529
2.642815	0.093499
2.643798	0.093468
2.644781	0.093437
2.645764	0.093405
2.646746	0.093373
2.647729	0.093340
2.648712	0.093307
2.649695	0.093273
2.650677	0.093239
2.651660	0.093205
2.652643	0.093169
2.653626	0.093134
2.654609	0.093098
2.655591	0.093061
2.656574	0.093024
2.657557	0.092986
2.658540	0.092948
2.659522	0.092909
2.660505	0.092870
2.661488	0.092830
2.662471	0.092790
2.663454	0.092749
2.664436	0.092708
2.665419	0.092666
2.666402	0.092624
2.667385	0.092582
2.668367	0.092538
2.669350	0.092495
2.670333	0.092450
2.671316	0.092406
2.672299	0.092360
2.673281	0.092315
2.674264	0.092268
2.675247	0.092222
2.676230	0.092174
2.677212	0.092127
2.678195	0.092078
2.679178	0.092030
2.680161	0.091980
2.681144	0.091931
2.682126	0.091880
2.683109	0.091830
2.684092	0.091778
2.685075	0.091727
2.686057	0.091674
2.687040	0.091621
2.688023	0.091568
2.689006	0.091514
2.689989	0.091460
2.690971	0.091405
2.691954	0.091350
2.692937	0.091294
2.693920	0.091238
2.694902	0.091181
2.695885	0.091123
2.696868	0.091066
2.697851	0.091007
2.698833	0.090948
2.699816	0.090889
2.700799	0.090829
2.701782	0.090769
2.702765	0.090708
2.703747	0.090646
2.704730	0.090584
2.705713	0.090522
2.706696	0.090459
2.707678	0.090395
2.708661	0.090331
2.709644	0.090267
2.710627	0.090202
2.711610	0.090136
2.712592	0.090070
2.713575	0.090004
2.714558	0.089937
2.715541	0.089869
2.716523	0.089801
2.717506	0.089732
2.718489	0.089663
2.719472	0.089594
2.720455	0.089523
2.721437	0.089453
2.722420	0.089382
2.723403	0.089310
2.724386	0.089238
2.725368	0.089165
2.726351	0.089092
2.727334	0.089018
2.728317	0.088943
2.729300	0.088869
2.730282	0.088793
2.731265	0.088717
2.732248	0.088641
2.733231	0.088564
2.734213	0.088487
2.735196	0.088409
2.736179	0.088330
2.737162	0.088251
2.738145	0.088172
2.739127	0.088092
2.740110	0.088011
2.741093	0.087930
2.742076	0.087848
2.743058	0.087766
2.744041	0.087684
2.745024	0.087600
2.746007	0.087517
2.746989	0.087432
2.747972	0.087347
2.748955	0.087262
2.749938	0.087176
2.750921	0.087090
2.751903	0.087003
2.752886	0.086915
2.753869	0.086827
2.754852	0.086739
2.755834	0.086650
2.756817	0.086560
2.757800	0.086470
2.758783	0.086379
2.759766	0.086288
2.760748	0.086196
2.761731	0.086104
2.762714	0.086011
2.763697	0.085917
2.764679	0.085823
2.765662	0.085728
2.766645	0.085633
2.767628	0.085537
2.768611	0.085441
2.769593	0.085344
2.770576	0.085247
2.771559	0.085149
2.772542	0.085050
2.773524	0.084951
2.774507	0.084851
2.775490	0.084751
2.776473	0.084649
2.777456	0.084548
2.778438	0.084445
2.779421	0.084342
2.780404	0.084239
2.781387	0.084134
2.782369	0.084029
2.783352	0.083923
2.784335	0.083817
2.785318	0.083709
2.786301	0.083600
2.787283	0.083490
2.788266	0.083378
2.789249	0.083263
2.790232	0.083143
2.791214	0.083014
2.792197	0.082897
2.793180	0.082785
2.794163	0.082673
2.795145	0.082562
2.796128	0.082451
2.797111	0.082340
2.798094	0.082228
2.799077	0.082116
2.800059	0.082003
2.801042	0.081890
2.802025	0.081776
2.803008	0.081662
2.803990	0.081547
2.804973	0.081431
2.805956	0.081315
2.806939	0.081199
2.807922	0.081082
2.808904	0.080964
2.809887	0.080846
2.810870	0.080728
2.811853	0.080608
2.812835	0.080488
2.813818	0.080368
2.814801	0.080247
2.815784	0.080126
2.816767	0.080003
2.817749	0.079881
2.818732	0.079757
2.819715	0.079634
2.820698	0.079509
2.821680	0.079384
2.822663	0.079258
2.823646	0.079132
2.824629	0.079005
2.825612	0.078878
2.826594	0.078750
2.827577	0.078621
2.828560	0.078492
2.829543	0.078362
2.830525	0.078232
2.831508	0.078101
2.832491	0.077969
2.833474	0.077837
2.834457	0.077704
2.835439	0.077570
2.836422	0.077436
2.837405	0.077301
2.838388	0.077166
2.839370	0.077029
2.840353	0.076893
2.841336	0.076755
2.842319	0.076617
2.843301	0.076478
2.844284	0.076338
2.845267	0.076197
2.846250	0.076056
2.847233	0.075914
2.848215	0.075770
2.849198	0.075626
2.850181	0.075481
2.851164	0.075335
2.852146	0.075186
2.853129	0.075036
2.854112	0.074884
2.855095	0.074728
2.856078	0.074570
2.857060	0.074416
2.858043	0.074264
2.859026	0.074114
2.860009	0.073964
2.860991	0.073814
2.861974	0.073664
2.862957	0.073514
2.863940	0.073364
2.864923	0.073212
2.865905	0.073061
2.866888	0.072908
2.867871	0.072755
2.868854	0.072602
2.869836	0.072448
2.870819	0.072293
2.871802	0.072137
2.872785	0.071981
2.873768	0.071824
2.874750	0.071667
2.875733	0.071508
2.876716	0.071350
2.877699	0.071190
2.878681	0.071029
2.879664	0.070868
2.880647	0.070706
2.881630	0.070544
2.882613	0.070380
2.883595	0.070216
2.884578	0.070051
2.885561	0.069885
2.886544	0.069718
2.887526	0.069550
2.888509	0.069381
2.889492	0.069210
2.890475	0.069039
2.891458	0.068866
2.892440	0.068692
2.893423	0.068516
2.894406	0.068338
2.895389	0.068158
2.896371	0.067978
2.897354	0.067798
2.898337	0.067620
2.899320	0.067443
2.900302	0.067266
2.901285	0.067088
2.902268	0.066911
2.903251	0.066733
2.904234	0.066555
2.905216	0.066376
2.906199	0.066196
2.907182	0.066016
2.908165	0.065835
2.909147	0.065653
2.910130	0.065470
2.911113	0.065287
2.912096	0.065102
2.913079	0.064917
2.914061	0.064730
2.915044	0.064542
2.916027	0.064354
2.917010	0.064164
2.917992	0.063973
2.918975	0.063780
2.919958	0.063586
2.920941	0.063390
2.921924	0.063193
2.922906	0.062994
2.923889	0.062795
2.924872	0.062596
2.925855	0.062397
2.926837	0.062198
2.927820	0.062000
2.928803	0.061801
2.929786	0.061601
2.930769	0.061402
2.931751	0.061201
2.932734	0.061000
2.933717	0.060797
2.934700	0.060594
2.935682	0.060390
2.936665	0.060184
2.937648	0.059977
2.938631	0.059769
2.939614	0.059560
2.940596	0.059349
2.941579	0.059136
2.942562	0.058922
2.943545	0.058707
2.944527	0.058492
2.945510	0.058276
2.946493	0.058059
2.947476	0.057842
2.948458	0.057625
2.949441	0.057408
2.950424	0.057189
2.951407	0.056970
2.952390	0.056749
2.953372	0.056528
2.954355	0.056305
2.955338	0.056081
2.956321	0.055855
2.957303	0.055629
2.958286	0.055400
2.959269	0.055171
2.960252	0.054941
2.961235	0.054710
2.962217	0.054478
2.963200	0.054245
2.964183	0.054012
2.965166	0.053778
2.966148	0.053543
2.967131	0.053306
2.968114	0.053069
2.969097	0.052830
2.970080	0.052589
2.971062	0.052348
2.972045	0.052105
2.973028	0.051861
2.974011	0.051617
2.974993	0.051371
2.975976	0.051124
2.976959	0.050876
2.977942	0.050627
2.978925	0.050377
2.979907	0.050126
2.980890	0.049873
2.981873	0.049619
2.982856	0.049364
2.983838	0.049108
2.984821	0.048851
2.985804	0.048592
2.986787	0.048333
2.987770	0.048072
2.988752	0.047810
2.989735	0.047546
2.990718	0.047282
2.991701	0.047016
2.992683	0.046749
2.993666	0.046481
2.994649	0.046211
2.995632	0.045941
2.996614	0.045669
2.997597	0.045396
2.998580	0.045122
2.999563	0.044846
3.000546	0.044570
3.001528	0.044292
3.002511	0.044013
3.003494	0.043733
3.004477	0.043452
3.005459	0.043169
3.006442	0.042886
3.007425	0.042602
3.008408	0.042316
3.009391	0.042030
3.010373	0.041743
3.011356	0.041454
3.012339	0.041165
3.013322	0.040875
3.014304	0.040584
3.015287	0.040293
3.016270	0.040000
3.017253	0.039707
3.018236	0.039414
3.019218	0.039119
3.020201	0.038825
3.021184	0.038530
3.022167	0.038234
3.023149	0.037939
3.024132	0.037643
3.025115	0.037347
3.026098	0.037051
3.027081	0.036754
3.028063	0.036458
3.029046	0.036163
3.030029	0.035867
3.031012	0.035572
3.031994	0.035277
3.032977	0.034983
3.033960	0.034689
3.034943	0.034396
3.035926	0.034104
3.036908	0.033812
3.037891	0.033522
3.038874	0.033233
3.039857	0.032944
3.040839	0.032657
3.041822	0.032371
3.042805	0.032087
3.043788	0.031804
3.044770	0.031522
3.045753	0.031242
3.046736	0.030963
3.047719	0.030687
3.048702	0.030412
3.049684	0.030138
3.050667	0.029867
3.051650	0.029597
3.052633	0.029329
3.053615	0.029064
3.054598	0.028800
3.055581	0.028538
3.056564	0.028278
3.057547	0.028021
3.058529	0.027765
3.059512	0.027512
3.060495	0.027261
3.061478	0.027012
3.062460	0.026765
3.063443	0.026521
3.064426	0.026278
3.065409	0.026038
3.066392	0.025800
3.067374	0.025565
3.068357	0.025331
3.069340	0.025100
3.070323	0.024871
3.071305	0.024644
3.072288	0.024420
3.073271	0.024198
3.074254	0.023978
3.075237	0.023760
3.076219	0.023544
3.077202	0.023330
3.078185	0.023119
3.079168	0.022910
3.080150	0.022703
3.081133	0.022498
3.082116	0.022295
3.083099	0.022094
3.084082	0.021895
3.085064	0.021698
3.086047	0.021504
3.087030	0.021311
3.088013	0.021120
3.088995	0.020931
3.089978	0.020745
3.090961	0.020560
3.091944	0.020377
3.092926	0.020196
3.093909	0.020017
3.094892	0.019839
3.095875	0.019664
3.096858	0.019490
3.097840	0.019318
3.098823	0.019148
3.099806	0.018980
3.100789	0.018814
3.101771	0.018649
3.102754	0.018485
3.103737	0.018324
3.104720	0.018164
3.105703	0.018006
3.106685	0.017849
3.107668	0.017694
3.108651	0.017541
3.109634	0.017389
3.110616	0.017239
3.111599	0.017090
3.112582	0.016943
3.113565	0.016797
3.114548	0.016653
3.115530	0.016510
3.116513	0.016369
3.117496	0.016229
3.118479	0.016090
3.119461	0.015953
3.120444	0.015817
3.121427	0.015683
3.122410	0.015550
3.123393	0.015418
3.124375	0.015288
3.125358	0.015158
3.126341	0.015031
3.127324	0.014904
3.128306	0.014779
3.129289	0.014654
3.130272	0.014531
3.131255	0.014410
3.132238	0.014289
3.133220	0.014170
3.134203	0.014052
3.135186	0.013934
3.136169	0.013819
3.137151	0.013704
3.138134	0.013590
3.139117	0.013477
3.140100	0.013366
3.141083	0.013255
3.142065	0.013146
3.143048	0.013037
3.144031	0.012930
3.145014	0.012824
3.145996	0.012718
3.146979	0.012614
3.147962	0.012511
3.148945	0.012408
3.149927	0.012307
3.150910	0.012207
3.151893	0.012107
3.152876	0.012008
3.153859	0.011911
3.154841	0.011814
3.155824	0.011718
3.156807	0.011623
3.157790	0.011529
3.158772	0.011436
3.159755	0.011343
3.160738	0.011252
3.161721	0.011161
3.162704	0.011071
3.163686	0.010982
3.164669	0.010894
3.165652	0.010806
3.166635	0.010720
3.167617	0.010634
3.168600	0.010549
3.169583	0.010464
3.170566	0.010381
3.171549	0.010298
3.172531	0.010216
3.173514	0.010135
3.174497	0.010054
3.175480	0.009974
3.176462	0.009895
3.177445	0.009816
3.178428	0.009739
3.179411	0.009662
3.180394	0.009585
3.181376	0.009509
3.182359	0.009434
3.183342	0.009360
3.184325	0.009286
3.185307	0.009213
3.186290	0.009140
3.187273	0.009069
3.188256	0.008997
3.189239	0.008927
3.190221	0.008857
3.191204	0.008787
3.192187	0.008719
3.193170	0.008650
3.194152	0.008583
3.195135	0.008516
3.196118	0.008449
3.197101	0.008383
3.198083	0.008318
3.199066	0.008253
3.200049	0.008189
3.201032	0.008125
3.202015	0.008062
3.202997	0.008000
3.203980	0.007938
3.204963	0.007876
3.205946	0.007815
3.206928	0.007754
3.207911	0.007694
3.208894	0.007635
3.209877	0.007576
3.210860	0.007517
3.211842	0.007459
3.212825	0.007402
3.213808	0.007345
3.214791	0.007288
3.215773	0.007232
3.216756	0.007177
3.217739	0.007121
3.218722	0.007067
3.219705	0.007012
3.220687	0.006959
3.221670	0.006905
3.222653	0.006852
3.223636	0.006800
3.224618	0.006748
3.225601	0.006696
3.226584	0.006645
3.227567	0.006594
3.228550	0.006544
3.229532	0.006494
3.230515	0.006444
3.231498	0.006395
3.232481	0.006346
3.233463	0.006298
3.234446	0.006250
3.235429	0.006202
3.236412	0.006155
3.237395	0.006108
3.238377	0.006062
3.239360	0.006015
3.240343	0.005970
3.241326	0.005924
3.242308	0.005879
3.243291	0.005835
3.244274	0.005790
3.245257	0.005747
3.246239	0.005703
3.247222	0.005660
3.248205	0.005617
3.249188	0.005574
3.250171	0.005532
3.251153	0.005490
3.252136	0.005449
3.253119	0.005407
3.254102	0.005367
3.255084	0.005326
3.256067	0.005286
3.257050	0.005246
3.258033	0.005206
3.259016	0.005167
3.259998	0.005128
3.260981	0.005089
3.261964	0.005051
3.262947	0.005013
3.263929	0.004975
3.264912	0.004937
3.265895	0.004900
3.266878	0.004863
3.267861	0.004826
3.268843	0.004790
3.269826	0.004754
3.270809	0.004718
3.271792	0.004683
3.272774	0.004647
3.273757	0.004612
3.274740	0.004578
3.275723	0.004543
3.276706	0.004509
3.277688	0.004475
3.278671	0.004441
3.279654	0.004408
3.280637	0.004375
3.281619	0.004342
3.282602	0.004309
3.283585	0.004277
3.284568	0.004245
3.285551	0.004213
3.286533	0.004181
3.287516	0.004150
3.288499	0.004118
3.289482	0.004087
3.290464	0.004057
3.291447	0.004026
3.292430	0.003996
3.293413	0.003966
3.294395	0.003936
3.295378	0.003906
3.296361	0.003877
3.297344	0.003848
3.298327	0.003819
3.299309	0.003790
3.300292	0.003761
3.301275	0.003733
3.302258	0.003705
3.303240	0.003677
3.304223	0.003649
3.305206	0.003622
3.306189	0.003595
3.307172	0.003568
3.308154	0.003541
3.309137	0.003514
3.310120	0.003488
3.311103	0.003461
3.312085	0.003435
3.313068	0.003409
3.314051	0.003383
3.315034	0.003358
3.316017	0.003333
3.316999	0.003307
3.317982	0.003282
3.318965	0.003258
3.319948	0.003233
3.320930	0.003209
3.321913	0.003184
3.322896	0.003160
3.323879	0.003136
3.324862	0.003113
3.325844	0.003089
3.326827	0.003066
3.327810	0.003042
3.328793	0.003019
3.329775	0.002996
3.330758	0.002974
3.331741	0.002951
3.332724	0.002928
3.333707	0.002906
3.334689	0.002884
3.335672	0.002862
3.336655	0.002840
3.337638	0.002819
3.338620	0.002797
3.339603	0.002776
3.340586	0.002755
3.341569	0.002734
3.342551	0.002713
3.343534	0.002692
3.344517	0.002671
3.345500	0.002651
3.346483	0.002631
3.347465	0.002610
3.348448	0.002590
3.349431	0.002571
3.350414	0.002551
3.351396	0.002531
3.352379	0.002512
3.353362	0.002492
3.354345	0.002473
3.355328	0.002454
3.356310	0.002435
3.357293	0.002416
3.358276	0.002398
3.359259	0.002379
3.360241	0.002360
3.361224	0.002342
3.362207	0.002324
3.363190	0.002306
3.364173	0.002288
3.365155	0.002270
3.366138	0.002252
3.367121	0.002235
3.368104	0.002217
3.369086	0.002200
3.370069	0.002183
3.371052	0.002166
3.372035	0.002149
3.373018	0.002132
3.374000	0.002115
3.374983	0.002098
3.375966	0.002082
3.376949	0.002065
3.377931	0.002049
3.378914	0.002033
3.379897	0.002017
3.380880	0.002001
3.381863	0.001985
3.382845	0.001969
3.383828	0.001953
3.384811	0.001938
3.385794	0.001922
3.386776	0.001907
3.387759	0.001891
3.388742	0.001876
3.389725	0.001861
3.390708	0.001846
3.391690	0.001831
3.392673	0.001816
3.393656	0.001802
3.394639	0.001787
3.395621	0.001772
3.396604	0.001758
3.397587	0.001744
3.398570	0.001729
3.399552	0.001715
3.400535	0.001701
3.401518	0.001687
3.402501	0.001673
3.403484	0.001659
3.404466	0.001646
3.405449	0.001632
3.406432	0.001618
3.407415	0.001605
3.408397	0.001592
3.409380	0.001578
3.410363	0.001565
3.411346	0.001552
3.412329	0.001539
3.413311	0.001526
3.414294	0.001513
3.415277	0.001500
3.416260	0.001487
3.417242	0.001475
3.418225	0.001462
3.419208	0.001449
3.420191	0.001437
3.421174	0.001425
3.422156	0.001412
3.423139	0.001400
3.424122	0.001388
3.425105	0.001376
3.426087	0.001364
3.427070	0.001352
3.428053	0.001340
3.429036	0.001328
3.430019	0.001316
3.431001	0.001305
3.431984	0.001293
3.432967	0.001281
3.433950	0.001270
3.434932	0.001258
3.435915	0.001247
3.436898	0.001236
3.437881	0.001225
3.438864	0.001213
3.439846	0.001202
3.440829	0.001191
3.441812	0.001180
3.442795	0.001169
3.443777	0.001159
3.444760	0.001148
3.445743	0.001137
3.446726	0.001126
3.447708	0.001116
3.448691	0.001105
3.449674	0.001095
3.450657	0.001084
3.451640	0.001074
3.452622	0.001063
3.453605	0.001053
3.454588	0.001043
3.455571	0.001033
3.456553	0.001022
3.457536	0.001012
3.458519	0.001002
3.459502	0.000992
3.460485	0.000982
3.461467	0.000972
3.462450	0.000963
3.463433	0.000953
3.464416	0.000943
3.465398	0.000933
3.466381	0.000924
3.467364	0.000914
3.468347	0.000905
3.469330	0.000895
3.470312	0.000886
3.471295	0.000876
3.472278	0.000867
3.473261	0.000857
3.474243	0.000848
3.475226	0.000839
3.476209	0.000830
3.477192	0.000821
3.478175	0.000811
3.479157	0.000802
3.480140	0.000793
3.481123	0.000784
3.482106	0.000775
3.483088	0.000766
3.484071	0.000758
3.485054	0.000749
3.486037	0.000740
3.487020	0.000731
3.488002	0.000722
3.488985	0.000714
3.489968	0.000705
3.490951	0.000696
3.491933	0.000688
3.492916	0.000679
3.493899	0.000671
3.494882	0.000662
3.495864	0.000654
3.496847	0.000645
3.497830	0.000637
3.498813	0.000629
3.499796	0.000620
3.500778	0.000612
3.501761	0.000604
3.502744	0.000596
3.503727	0.000587
3.504709	0.000579
3.505692	0.000571
3.506675	0.000563
3.507658	0.000555
3.508641	0.000547
3.509623	0.000539
3.510606	0.000531
3.511589	0.000523
3.512572	0.000515
3.513554	0.000507
3.514537	0.000499
3.515520	0.000491
3.516503	0.000483
3.517486	0.000475
3.518468	0.000468
3.519451	0.000460
3.520434	0.000452
3.521417	0.000444
3.522399	0.000437
3.523382	0.000429
3.524365	0.000421
3.525348	0.000414
3.526331	0.000406
3.527313	0.000398
3.528296	0.000391
3.529279	0.000383
3.530262	0.000376
3.531244	0.000368
3.532227	0.000361
3.533210	0.000353
3.534193	0.000346
3.535176	0.000338
3.536158	0.000331
3.537141	0.000323
3.538124	0.000316
3.539107	0.000308
3.540089	0.000301
3.541072	0.000294
3.542055	0.000286
3.543038	0.000279
3.544020	0.000272
3.545003	0.000264
3.545986	0.000257
3.546969	0.000250
3.547952	0.000242
3.548934	0.000235
3.549917	0.000228
3.550900	0.000221
3.551883	0.000213
3.552865	0.000206
3.553848	0.000199
3.554831	0.000192
3.555814	0.000185
3.556797	0.000178
3.557779	0.000170
3.558762	0.000163
3.559745	0.000156
3.560728	0.000149
3.561710	0.000142
3.562693	0.000135
3.563676	0.000127
3.564659	0.000120
3.565642	0.000113
3.566624	0.000106
3.567607	0.000099
3.568590	0.000092
3.569573	0.000085
3.570555	0.000078
3.571538	0.000071
3.572521	0.000064
3.573504	0.000057
3.574487	0.000049
3.575469	0.000042
3.576452	0.000035
3.577435	0.000028
3.578418	0.000021
3.579400	0.000014
3.580375	0.000007
3.581350	0.000014
3.582325	0.000021
3.583300	0.000028
3.584274	0.000034
3.585249	0.000041
3.586224	0.000048
3.587199	0.000054
3.588174	0.000061
3.589148	0.000067
3.590123	0.000074
3.591098	0.000080
3.592073	0.000086
3.593048	0.000092
3.594022	0.000099
3.594997	0.000105
3.595972	0.000111
3.596947	0.000117
3.597921	0.000123
3.598896	0.000129
3.599871	0.000135
3.600846	0.000141
3.601821	0.000147
3.602795	0.000153
3.603770	0.000158
3.604745	0.000164
3.605720	0.000170
3.606695	0.000175
3.607669	0.000181
3.608644	0.000186
3.609619	0.000192
3.610594	0.000197
3.611569	0.000203
3.612543	0.000208
3.613518	0.000214
3.614493	0.000219
3.615468	0.000224
3.616443	0.000230
3.617417	0.000235
3.618392	0.000240
3.619367	0.000245
3.620342	0.000250
3.621316	0.000255
3.622291	0.000260
3.623266	0.000265
3.624241	0.000270
3.625216	0.000275
3.626190	0.000280
3.627165	0.000285
3.628140	0.000290
3.629115	0.000295
3.630090	0.000300
3.631064	0.000304
3.632039	0.000309
3.633014	0.000314
3.633989	0.000318
3.634964	0.000323
3.635938	0.000328
3.636913	0.000332
3.637888	0.000337
3.638863	0.000341
3.639838	0.000346
3.640812	0.000350
3.641787	0.000355
3.642762	0.000359
3.643737	0.000363
3.644711	0.000368
3.645686	0.000372
3.646661	0.000376
3.647636	0.000380
3.648611	0.000385
3.649585	0.000389
3.650560	0.000393
3.651535	0.000397
3.652510	0.000401
3.653485	0.000405
3.654459	0.000409
3.655434	0.000413
3.656409	0.000417
3.657384	0.000421
3.658359	0.000425
3.659333	0.000429
3.660308	0.000433
3.661283	0.000436
3.662258	0.000440
3.663233	0.000444
3.664207	0.000448
3.665182	0.000451
3.666157	0.000455
3.667132	0.000459
3.668106	0.000462
3.669081	0.000466
3.670056	0.000469
3.671031	0.000473
3.672006	0.000476
3.672980	0.000480
3.673955	0.000483
3.674930	0.000487
3.675905	0.000490
3.676880	0.000493
3.677854	0.000497
3.678829	0.000500
3.679804	0.000503
3.680779	0.000506
3.681754	0.000510
3.682728	0.000513
3.683703	0.000516
3.684678	0.000519
3.685653	0.000522
3.686628	0.000525
3.687602	0.000528
3.688577	0.000531
3.689552	0.000534
3.690527	0.000537
3.691501	0.000540
3.692476	0.000543
3.693451	0.000546
3.694426	0.000549
3.695401	0.000552
3.696375	0.000554
3.697350	0.000557
3.698325	0.000560
3.699300	0.000563
3.700275	0.000565
3.701249	0.000568
3.702224	0.000571
3.703199	0.000573
3.704174	0.000576
3.705149	0.000578
3.706123	0.000581
3.707098	0.000583
3.708073	0.000586
3.709048	0.000588
3.710023	0.000590
3.710997	0.000593
3.711972	0.000595
3.712947	0.000597
3.713922	0.000600
3.714897	0.000602
3.715871	0.000604
3.716846	0.000606
3.717821	0.000609
3.718796	0.000611
3.719770	0.000613
3.720745	0.000615
3.721720	0.000617
3.722695	0.000619
3.723670	0.000621
3.724644	0.000623
3.725619	0.000625
3.726594	0.000627
3.727569	0.000629
3.728544	0.000631
3.729518	0.000632
3.730493	0.000634
3.731468	0.000636
3.732443	0.000638
3.733418	0.000639
3.734392	0.000641
3.735367	0.000643
3.736342	0.000644
3.737317	0.000646
3.738292	0.000648
3.739266	0.000649
3.740241	0.000651
3.741216	0.000652
3.742191	0.000654
3.743165	0.000655
3.744140	0.000656
3.745115	0.000658
3.746090	0.000659
3.747065	0.000661
3.748039	0.000662
3.749014	0.000663
3.749989	0.000664
3.750964	0.000666
3.751939	0.000667
3.752913	0.000668
3.753888	0.000669
3.754863	0.000670
3.755838	0.000671
3.756813	0.000672
3.757787	0.000673
3.758762	0.000674
3.759737	0.000675
3.760712	0.000676
3.761687	0.000677
3.762661	0.000678
3.763636	0.000679
3.764611	0.000680
3.765586	0.000681
3.766560	0.000681
3.767535	0.000682
3.768510	0.000683
3.769485	0.000684
3.770460	0.000684
3.771434	0.000685
3.772409	0.000686
3.773384	0.000686
3.774359	0.000687
3.775334	0.000687
3.776308	0.000688
3.777283	0.000688
3.778258	0.000689
3.779233	0.000689
3.780208	0.000690
3.781182	0.000690
3.782157	0.000690
3.783132	0.000691
3.784107	0.000691
3.785082	0.000691
3.786056	0.000691
3.787031	0.000692
3.788006	0.000692
3.788981	0.000692
3.789955	0.000692
3.790930	0.000692
3.791905	0.000692
3.792880	0.000692
3.793855	0.000693
3.794829	0.000693
3.795804	0.000693
3.796779	0.000692
3.797754	0.000692
3.798729	0.000692
3.799703	0.000692
3.800678	0.000692
3.801653	0.000692
3.802628	0.000692
3.803603	0.000691
3.804577	0.000691
3.805552	0.000691
3.806527	0.000691
3.807502	0.000690
3.808477	0.000690
3.809451	0.000690
3.810426	0.000689
3.811401	0.000689
3.812376	0.000688
3.813350	0.000688
3.814325	0.000687
3.815300	0.000687
3.816275	0.000686
3.817250	0.000686
3.818224	0.000685
3.819199	0.000685
3.820174	0.000684
3.821149	0.000683
3.822124	0.000683
3.823098	0.000682
3.824073	0.000681
3.825048	0.000680
3.826023	0.000680
3.826998	0.000679
3.827972	0.000678
3.828947	0.000677
3.829922	0.000676
3.830897	0.000675
3.831872	0.000674
3.832846	0.000673
3.833821	0.000672
3.834796	0.000671
3.835771	0.000670
3.836746	0.000669
3.837720	0.000668
3.838695	0.000667
3.839670	0.000666
3.840645	0.000665
3.841619	0.000664
3.842594	0.000663
3.843569	0.000661
3.844544	0.000660
3.845519	0.000659
3.846493	0.000658
3.847468	0.000656
3.848443	0.000655
3.849418	0.000654
3.850393	0.000652
3.851367	0.000651
3.852342	0.000649
3.853317	0.000648
3.854292	0.000647
3.855267	0.000645
3.856241	0.000644
3.857216	0.000642
3.858191	0.000641
3.859166	0.000639
3.860141	0.000637
3.861115	0.000636
3.862090	0.000634
3.863065	0.000633
3.864040	0.000631
3.865014	0.000629
3.865989	0.000628
3.866964	0.000626
3.867939	0.000624
3.868914	0.000622
3.869888	0.000621
3.870863	0.000619
3.871838	0.000617
3.872813	0.000615
3.873788	0.000613
3.874762	0.000611
3.875737	0.000609
3.876712	0.000607
3.877687	0.000606
3.878662	0.000604
3.879636	0.000602
3.880611	0.000600
3.881586	0.000598
3.882561	0.000596
3.883536	0.000593
3.884510	0.000591
3.885485	0.000589
3.886460	0.000587
3.887435	0.000585
3.888409	0.000583
3.889384	0.000581
3.890359	0.000579
3.891334	0.000576
3.892309	0.000574
3.893283	0.000572
3.894258	0.000570
3.895233	0.000567
3.896208	0.000565
3.897183	0.000563
3.898157	0.000560
3.899132	0.000558
3.900107	0.000556
3.901082	0.000553
3.902057	0.000551
3.903031	0.000549
3.904006	0.000546
3.904981	0.000544
3.905956	0.000541
3.906931	0.000539
3.907905	0.000536
3.908880	0.000534
3.909855	0.000531
3.910830	0.000529
3.911804	0.000526
3.912779	0.000524
3.913754	0.000521
3.914729	0.000518
3.915704	0.000516
3.916678	0.000513
3.917653	0.000511
3.918628	0.000508
3.919603	0.000505
3.920578	0.000503
3.921552	0.000500
3.922527	0.000497
3.923502	0.000494
3.924477	0.000492
3.925452	0.000489
3.926426	0.000486
3.927401	0.000483
3.928376	0.000481
3.929351	0.000478
3.930326	0.000475
3.931300	0.000472
3.932275	0.000469
3.933250	0.000466
3.934225	0.000463
3.935200	0.000461
3.936174	0.000458
3.937149	0.000455
3.938124	0.000452
3.939099	0.000449
3.940073	0.000446
3.941048	0.000443
3.942023	0.000440
3.942998	0.000437
3.943973	0.000434
3.944947	0.000431
3.945922	0.000428
3.946897	0.000425
3.947872	0.000422
3.948847	0.000419
3.949821	0.000416
3.950796	0.000413
3.951771	0.000410
3.952746	0.000407
3.953721	0.000404
3.954695	0.000400
3.955670	0.000397
3.956645	0.000394
3.957620	0.000391
3.958595	0.000388
3.959569	0.000385
3.960544	0.000382
3.961519	0.000378
3.962494	0.000375
3.963468	0.000372
3.964443	0.000369
3.965418	0.000366
3.966393	0.000362
3.967368	0.000359
3.968342	0.000356
3.969317	0.000353
3.970292	0.000349
3.971267	0.000346
3.972242	0.000343
3.973216	0.000340
3.974191	0.000336
3.975166	0.000333
3.976141	0.000330
3.977116	0.000326
3.978090	0.000323
3.979065	0.000320
3.980040	0.000316
3.981015	0.000313
3.981990	0.000310
3.982964	0.000306
3.983939	0.000303
3.984914	0.000300
3.985889	0.000296
3.986863	0.000293
3.987838	0.000290
3.988813	0.000286
3.989788	0.000283
3.990763	0.000279
3.991737	0.000276
3.992712	0.000273
3.993687	0.000269
3.994662	0.000266
3.995637	0.000262
3.996611	0.000259
3.997586	0.000256
3.998561	0.000252
3.999536	0.000249
4.000511	0.000245
4.001485	0.000242
4.002460	0.000238
4.003435	0.000235
4.004410	0.000232
4.005385	0.000228
4.006359	0.000225
4.007334	0.000221
4.008309	0.000218
4.009284	0.000214
4.010258	0.000211
4.011233	0.000207
4.012208	0.000204
4.013183	0.000200
4.014158	0.000197
4.015132	0.000193
4.016107	0.000190
4.017082	0.000186
4.018057	0.000183
4.019032	0.000180
4.020006	0.000176
4.020981	0.000173
4.021956	0.000169
4.022931	0.000166
4.023906	0.000162
4.024880	0.000159
4.025855	0.000155
4.026830	0.000152
4.027805	0.000148
4.028780	0.000145
4.029754	0.000141
4.030729	0.000138
4.031704	0.000134
4.032679	0.000131
4.033653	0.000127
4.034628	0.000124
4.035603	0.000120
4.036578	0.000117
4.037553	0.000113
4.038527	0.000110
4.039502	0.000106
4.040477	0.000103
4.041452	0.000099
4.042427	0.000096
4.043401	0.000092
4.044376	0.000089
4.045351	0.000086
4.046326	0.000082
4.047301	0.000079
4.048275	0.000075
4.049250	0.000072
4.050225	0.000068
4.051200	0.000065
4.052175	0.000061
4.053149	0.000058
4.054124	0.000054
4.055099	0.000051
4.056074	0.000048
4.057049	0.000044
4.058023	0.000041
4.058998	0.000037
4.059973	0.000034
4.060948	0.000031
4.061922	0.000027
4.062897	0.000024
4.063872	0.000020
4.064847	0.000017
4.065822	0.000014
4.066796	0.000010
4.067779	0.000007
4.068762	0.000014
4.069745	0.000020
4.070728	0.000027
4.071710	0.000034
4.072693	0.000041
4.073676	0.000048
4.074659	0.000054
4.075641	0.000061
4.076624	0.000068
4.077607	0.000075
4.078590	0.000082
4.079573	0.000088
4.080555	0.000095
4.081538	0.000102
4.082521	0.000109
4.083504	0.000116
4.084486	0.000123
4.085469	0.000129
4.086452	0.000136
4.087435	0.000143
4.088417	0.000150
4.089400	0.000157
4.090383	0.000164
4.091366	0.000171
4.092349	0.000178
4.093331	0.000184
4.094314	0.000191
4.095297	0.000198
4.096280	0.000205
4.097262	0.000212
4.098245	0.000219
4.099228	0.000226
4.100211	0.000233
4.101194	0.000240
4.102176	0.000247
4.103159	0.000254
4.104142	0.000261
4.105125	0.000268
4.106107	0.000275
4.107090	0.000282
4.108073	0.000289
4.109056	0.000296
4.110039	0.000303
4.111021	0.000310
4.112004	0.000317
4.112987	0.000325
4.113970	0.000332
4.114952	0.000339
4.115935	0.000346
4.116918	0.000353
4.117901	0.000360
4.118884	0.000368
4.119866	0.000375
4.120849	0.000382
4.121832	0.000389
4.122815	0.000397
4.123797	0.000404
4.124780	0.000411
4.125763	0.000419
4.126746	0.000426
4.127729	0.000433
4.128711	0.000441
4.129694	0.000448
4.130677	0.000456
4.131660	0.000463
4.132642	0.000471
4.133625	0.000478
4.134608	0.000486
4.135591	0.000493
4.136573	0.000501
4.137556	0.000508
4.138539	0.000516
4.139522	0.000523
4.140505	0.000531
4.141487	0.000539
4.142470	0.000546
4.143453	0.000554
4.144436	0.000562
4.145418	0.000570
4.146401	0.000578
4.147384	0.000585
4.148367	0.000593
4.149350	0.000601
4.150332	0.000609
4.151315	0.000617
4.152298	0.000625
4.153281	0.000633
4.154263	0.000641
4.155246	0.000649
4.156229	0.000657
4.157212	0.000665
4.158195	0.000673
4.159177	0.000681
4.160160	0.000690
4.161143	0.000698
4.162126	0.000706
4.163108	0.000714
4.164091	0.000723
4.165074	0.000731
4.166057	0.000739
4.167040	0.000748
4.168022	0.000756
4.169005	0.000765
4.169988	0.000773
4.170971	0.000782
4.171953	0.000790
4.172936	0.000799
4.173919	0.000808
4.174902	0.000816
4.175885	0.000825
4.176867	0.000834
4.177850	0.000843
4.178833	0.000851
4.179816	0.000860
4.180798	0.000869
4.181781	0.000878
4.182764	0.000887
4.183747	0.000896
4.184729	0.000905
4.185712	0.000914
4.186695	0.000923
4.187678	0.000933
4.188661	0.000942
4.189643	0.000951
4.190626	0.000960
4.191609	0.000970
4.192592	0.000979
4.193574	0.000989
4.194557	0.000998
4.195540	0.001008
4.196523	0.001017
4.197506	0.001027
4.198488	0.001036
4.199471	0.001046
4.200454	0.001056
4.201437	0.001066
4.202419	0.001076
4.203402	0.001085
4.204385	0.001095
4.205368	0.001105
4.206351	0.001115
4.207333	0.001126
4.208316	0.001136
4.209299	0.001146
4.210282	0.001156
4.211264	0.001166
4.212247	0.001177
4.213230	0.001187
4.214213	0.001198
4.215196	0.001208
4.216178	0.001219
4.217161	0.001229
4.218144	0.001240
4.219127	0.001251
4.220109	0.001261
4.221092	0.001272
4.222075	0.001283
4.223058	0.001294
4.224041	0.001305
4.225023	0.001316
4.226006	0.001327
4.226989	0.001338
4.227972	0.001349
4.228954	0.001361
4.229937	0.001372
4.230920	0.001383
4.231903	0.001395
4.232885	0.001406
4.233868	0.001418
4.234851	0.001430
4.235834	0.001441
4.236817	0.001453
4.237799	0.001465
4.238782	0.001477
4.239765	0.001489
4.240748	0.001501
4.241730	0.001513
4.242713	0.001525
4.243696	0.001537
4.244679	0.001549
4.245662	0.001562
4.246644	0.001574
4.247627	0.001587
4.248610	0.001599
4.249593	0.001612
4.250575	0.001625
4.251558	0.001637
4.252541	0.001650
4.253524	0.001663
4.254507	0.001676
4.255489	0.001689
4.256472	0.001702
4.257455	0.001715
4.258438	0.001729
4.259420	0.001742
4.260403	0.001755
4.261386	0.001769
4.262369	0.001783
4.263352	0.001796
4.264334	0.001810
4.265317	0.001824
4.266300	0.001838
4.267283	0.001852
4.268265	0.001866
4.269248	0.001880
4.270231	0.001894
4.271214	0.001908
4.272197	0.001923
4.273179	0.001937
4.274162	0.001952
4.275145	0.001966
4.276128	0.001981
4.277110	0.001996
4.278093	0.002011
4.279076	0.002025
4.280059	0.002040
4.281042	0.002056
4.282024	0.002071
4.283007	0.002086
4.283990	0.002102
4.284973	0.002117
4.285955	0.002133
4.286938	0.002148
4.287921	0.002164
4.288904	0.002180
4.289886	0.002196
4.290869	0.002212
4.291852	0.002228
4.292835	0.002244
4.293818	0.002260
4.294800	0.002277
4.295783	0.002293
4.296766	0.002310
4.297749	0.002327
4.298731	0.002343
4.299714	0.002360
4.300697	0.002377
4.301680	0.002394
4.302663	0.002412
4.303645	0.002429
4.304628	0.002446
4.305611	0.002464
4.306594	0.002481
4.307576	0.002499
4.308559	0.002517
4.309542	0.002535
4.310525	0.002553
4.311508	0.002571
4.312490	0.002589
4.313473	0.002608
4.314456	0.002626
4.315439	0.002645
4.316421	0.002663
4.317404	0.002682
4.318387	0.002701
4.319370	0.002720
4.320353	0.002739
4.321335	0.002758
4.322318	0.002778
4.323301	0.002797
4.324284	0.002817
4.325266	0.002837
4.326249	0.002856
4.327232	0.002876
4.328215	0.002896
4.329198	0.002917
4.330180	0.002937
4.331163	0.002957
4.332146	0.002978
4.333129	0.002999
4.334111	0.003019
4.335094	0.003040
4.336077	0.003061
4.337060	0.003082
4.338042	0.003104
4.339025	0.003125
4.340008	0.003147
4.340991	0.003168
4.341974	0.003190
4.342956	0.003212
4.343939	0.003234
4.344922	0.003256
4.345905	0.003279
4.346887	0.003301
4.347870	0.003324
4.348853	0.003347
4.349836	0.003370
4.350819	0.003393
4.351801	0.003416
4.352784	0.003439
4.353767	0.003462
4.354750	0.003486
4.355732	0.003510
4.356715	0.003534
4.357698	0.003558
4.358681	0.003582
4.359664	0.003606
4.360646	0.003631
4.361629	0.003655
4.362612	0.003680
4.363595	0.003705
4.364577	0.003730
4.365560	0.003755
4.366543	0.003780
4.367526	0.003806
4.368509	0.003831
4.369491	0.003857
4.370474	0.003883
4.371457	0.003909
4.372440	0.003936
4.373422	0.003962
4.374405	0.003989
4.375388	0.004015
4.376371	0.004042
4.377354	0.004069
4.378336	0.004097
4.379319	0.004124
4.380302	0.004151
4.381285	0.004179
4.382267	0.004207
4.383250	0.004235
4.384233	0.004263
4.385216	0.004292
4.386198	0.004320
4.387181	0.004349
4.388164	0.004378
4.389147	0.004407
4.390130	0.004436
4.391112	0.004466
4.392095	0.004495
4.393078	0.004525
4.394061	0.004555
4.395043	0.004585
4.396026	0.004616
4.397009	0.004646
4.397992	0.004677
4.398975	0.004708
4.399957	0.004739
4.400940	0.004770
4.401923	0.004801
4.402906	0.004833
4.403888	0.004865
4.404871	0.004897
4.405854	0.004929
4.406837	0.004961
4.407820	0.004994
4.408802	0.005027
4.409785	0.005060
4.410768	0.005093
4.411751	0.005126
4.412733	0.005160
4.413716	0.005193
4.414699	0.005227
4.415682	0.005261
4.416665	0.005296
4.417647	0.005330
4.418630	0.005365
4.419613	0.005400
4.420596	0.005435
4.421578	0.005471
4.422561	0.005506
4.423544	0.005542
4.424527	0.005578
4.425510	0.005614
4.426492	0.005651
4.427475	0.005687
4.428458	0.005724
4.429441	0.005761
4.430423	0.005799
4.431406	0.005836
4.432389	0.005874
4.433372	0.005912
4.434354	0.005950
4.435337	0.005988
4.436320	0.006027
4.437303	0.006066
4.438286	0.006105
4.439268	0.006144
4.440251	0.006184
4.441234	0.006224
4.442217	0.006264
4.443199	0.006304
4.444182	0.006344
4.445165	0.006385
4.446148	0.006426
4.447131	0.006467
4.448113	0.006509
4.449096	0.006551
4.450079	0.006593
4.451062	0.006635
4.452044	0.006677
4.453027	0.006720
4.454010	0.006763
4.454993	0.006806
4.455976	0.006849
4.456958	0.006893
4.457941	0.006937
4.458924	0.006981
4.459907	0.007026
4.460889	0.007070
4.461872	0.007115
4.462855	0.007160
4.463838	0.007206
4.464821	0.007252
4.465803	0.007298
4.466786	0.007344
4.467769	0.007391
4.468752	0.007437
4.469734	0.007484
4.470717	0.007532
4.471700	0.007579
4.472683	0.007627
4.473666	0.007676
4.474648	0.007724
4.475631	0.007773
4.476614	0.007822
4.477597	0.007871
4.478579	0.007921
4.479562	0.007971
4.480545	0.008021
4.481528	0.008071
4.482510	0.008122
4.483493	0.008173
4.484476	0.008224
4.485459	0.008276
4.486442	0.008328
4.487424	0.008380
4.488407	0.008432
4.489390	0.008485
4.490373	0.008538
4.491355	0.008592
4.492338	0.008646
4.493321	0.008700
4.494304	0.008754
4.495287	0.008808
4.496269	0.008863
4.497252	0.008919
4.498235	0.008974
4.499218	0.009030
4.500200	0.009086
4.501183	0.009143
4.502166	0.009200
4.503149	0.009257
4.504132	0.009314
4.505114	0.009372
4.506097	0.009430
4.507080	0.009489
4.508063	0.009548
4.509045	0.009607
4.510028	0.009666
4.511011	0.009726
4.511994	0.009786
4.512977	0.009847
4.513959	0.009907
4.514942	0.009968
4.515925	0.010030
4.516908	0.010092
4.517890	0.010154
4.518873	0.010217
4.519856	0.010279
4.520839	0.010343
4.521822	0.010406
4.522804	0.010470
4.523787	0.010534
4.524770	0.010599
4.525753	0.010664
4.526735	0.010730
4.527718	0.010795
4.528701	0.010861
4.529684	0.010928
4.530667	0.010995
4.531649	0.011062
4.532632	0.011130
4.533615	0.011198
4.534598	0.011266
4.535580	0.011335
4.536563	0.011404
4.537546	0.011473
4.538529	0.011543
4.539511	0.011614
4.540494	0.011684
4.541477	0.011755
4.542460	0.011827
4.543443	0.011899
4.544425	0.011971
4.545408	0.012044
4.546391	0.012117
4.547374	0.012190
4.548356	0.012264
4.549339	0.012338
4.550322	0.012413
4.551305	0.012488
4.552288	0.012563
4.553270	0.012639
4.554253	0.012716
4.555236	0.012793
4.556219	0.012870
4.557201	0.012947
4.558184	0.013025
4.559167	0.013104
4.560150	0.013183
4.561133	0.013262
4.562115	0.013342
4.563098	0.013422
4.564081	0.013503
4.565064	0.013584
4.566046	0.013666
4.567029	0.013748
4.568012	0.013830
4.568995	0.013913
4.569978	0.013996
4.570960	0.014080
4.571943	0.014164
4.572926	0.014249
4.573909	0.014334
4.574891	0.014420
4.575874	0.014506
4.576857	0.014593
4.577840	0.014680
4.578823	0.014768
4.579805	0.014856
4.580788	0.014944
4.581771	0.015033
4.582754	0.015123
4.583736	0.015213
4.584719	0.015304
4.585702	0.015395
4.586685	0.015486
4.587667	0.015578
4.588650	0.015671
4.589633	0.015764
4.590616	0.015858
4.591599	0.015952
4.592581	0.016046
4.593564	0.016142
4.594547	0.016237
4.595530	0.016334
4.596512	0.016430
4.597495	0.016528
4.598478	0.016626
4.599461	0.016724
4.600444	0.016823
4.601426	0.016922
4.602409	0.017022
4.603392	0.017123
4.604375	0.017224
4.605357	0.017326
4.606340	0.017428
4.607323	0.017531
4.608306	0.017635
4.609289	0.017739
4.610271	0.017844
4.611254	0.017949
4.612237	0.018055
4.613220	0.018161
4.614202	0.018268
4.615185	0.018376
4.616168	0.018484
4.617151	0.018593
4.618134	0.018703
4.619116	0.018813
4.620099	0.018924
4.621082	0.019035
4.622065	0.019147
4.623047	0.019260
4.624030	0.019373
4.625013	0.019487
4.625996	0.019602
4.626979	0.019717
4.627961	0.019833
4.628944	0.019950
4.629927	0.020068
4.630910	0.020186
4.631892	0.020305
4.632875	0.020424
4.633858	0.020544
4.634841	0.020665
4.635823	0.020787
4.636806	0.020909
4.637789	0.021033
4.638772	0.021157
4.639755	0.021281
4.640737	0.021407
4.641720	0.021533
4.642703	0.021660
4.643686	0.021788
4.644668	0.021916
4.645651	0.022045
4.646634	0.022176
4.647617	0.022307
4.648600	0.022438
4.649582	0.022571
4.650565	0.022705
4.651548	0.022839
4.652531	0.022974
4.653513	0.023110
4.654496	0.023247
4.655479	0.023385
4.656462	0.023524
4.657445	0.023664
4.658427	0.023804
4.659410	0.023946
4.660393	0.024088
4.661376	0.024232
4.662358	0.024376
4.663341	0.024522
4.664324	0.024668
4.665307	0.024816
4.666290	0.024964
4.667272	0.025114
4.668255	0.025264
4.669238	0.025416
4.670221	0.025569
4.671203	0.025723
4.672186	0.025878
4.673169	0.026034
4.674152	0.026191
4.675135	0.026350
4.676117	0.026509
4.677100	0.026670
4.678083	0.026832
4.679066	0.026996
4.680048	0.027161
4.681031	0.027327
4.682014	0.027494
4.682997	0.027663
4.683979	0.027833
4.684962	0.028004
4.685945	0.028177
4.686928	0.028352
4.687911	0.028528
4.688893	0.028705
4.689876	0.028884
4.690859	0.029065
4.691842	0.029247
4.692824	0.029431
4.693807	0.029616
4.694790	0.029803
4.695773	0.029992
4.696756	0.030183
4.697738	0.030376
4.698721	0.030570
4.699704	0.030767
4.700687	0.030965
4.701669	0.031166
4.702652	0.031368
4.703635	0.031573
4.704618	0.031780
4.705601	0.031989
4.706583	0.032201
4.707566	0.032415
4.708549	0.032631
4.709532	0.032850
4.710514	0.033071
4.711497	0.033295
4.712480	0.033522
4.713463	0.033752
4.714446	0.033985
4.715428	0.034221
4.716411	0.034459
4.717394	0.034702
4.718377	0.034947
4.719359	0.035196
4.720342	0.035448
4.721325	0.035705
4.722308	0.035965
4.723291	0.036229
4.724273	0.036497
4.725256	0.036770
4.726239	0.037047
4.727222	0.037329
4.728204	0.037615
4.729187	0.037907
4.730170	0.038204
4.731153	0.038507
4.732135	0.038816
4.733118	0.039130
4.734101	0.039451
4.735084	0.039779
4.736067	0.040114
4.737049	0.040456
4.738032	0.040806
4.739015	0.041164
4.739998	0.041531
4.740980	0.041907
4.741963	0.042293
4.742946	0.042690
4.743929	0.043097
4.744912	0.043516
4.745894	0.043947
4.746877	0.044392
4.747860	0.044851
4.748843	0.045325
4.749825	0.045816
4.750808	0.046324
4.751791	0.046851
4.752774	0.047399
4.753757	0.047970
4.754739	0.048565
4.755722	0.049186
4.756705	0.049837
4.757688	0.050520
4.758670	0.051239
4.759653	0.051997
4.760636	0.052799
4.761619	0.053651
4.762602	0.054557
4.763584	0.055527
4.764567	0.056569
4.765550	0.057694
4.766533	0.058914
4.767515	0.060248
4.768498	0.061714
4.769481	0.063341
4.770464	0.065163
4.771447	0.067227
4.772429	0.069596
4.773412	0.072360
4.774395	0.075650
4.775378	0.079666
4.776360	0.084723
4.777343	0.091345
4.778326	0.100444
4.779309	0.113627
4.780292	0.133575
4.781274	0.163276
4.782249	0.162082
4.783224	0.119158
4.784199	0.076689
4.785173	0.058324
4.786148	0.048686
4.787123	0.042759
4.788098	0.038671
4.789073	0.035619
4.790047	0.033214
4.791022	0.031242
4.791997	0.029579
4.792972	0.028144
4.793947	0.026885
4.794921	0.025765
4.795896	0.024756
4.796871	0.023839
4.797846	0.023000
4.798821	0.022224
4.799795	0.021505
4.800770	0.020833
4.801745	0.020203
4.802720	0.019610
4.803694	0.019049
4.804669	0.018518
4.805644	0.018012
4.806619	0.017529
4.807594	0.017068
4.808568	0.016626
4.809543	0.016201
4.810518	0.015792
4.811493	0.015398
4.812468	0.015017
4.813442	0.014649
4.814417	0.014292
4.815392	0.013946
4.816367	0.013610
4.817342	0.013283
4.818316	0.012965
4.819291	0.012655
4.820266	0.012353
4.821241	0.012057
4.822216	0.011769
4.823190	0.011487
4.824165	0.011211
4.825140	0.010940
4.826115	0.010675
4.827090	0.010415
4.828064	0.010160
4.829039	0.009909
4.830014	0.009663
4.830989	0.009420
4.831963	0.009182
4.832938	0.008947
4.833913	0.008716
4.834888	0.008488
4.835863	0.008264
4.836837	0.008042
4.837812	0.007824
4.838787	0.007608
4.839762	0.007395
4.840737	0.007185
4.841711	0.006977
4.842686	0.006771
4.843661	0.006568
4.844636	0.006366
4.845611	0.006167
4.846585	0.005970
4.847560	0.005775
4.848535	0.005581
4.849510	0.005390
4.850485	0.005200
4.851459	0.005011
4.852434	0.004824
4.853409	0.004639
4.854384	0.004455
4.855358	0.004272
4.856333	0.004091
4.857308	0.003911
4.858283	0.003732
4.859258	0.003554
4.860232	0.003377
4.861207	0.003201
4.862182	0.003026
4.863157	0.002853
4.864132	0.002680
4.865106	0.002508
4.866081	0.002336
4.867056	0.002166
4.868031	0.001996
4.869006	0.001827
4.869980	0.001658
4.870955	0.001490
4.871930	0.001323
4.872905	0.001156
4.873880	0.000990
4.874854	0.000824
4.875829	0.000659
4.876804	0.000493
4.877779	0.000329
4.878761	-0.000000
4.879744	0.000165
4.880727	0.000331
4.881710	0.000496
4.882693	0.000661
4.883675	0.000826
4.884658	0.000991
4.885641	0.001156
4.886624	0.001321
4.887606	0.001485
4.888589	0.001649
4.889572	0.001812
4.890555	0.001975
4.891538	0.002138
4.892520	0.002300
4.893503	0.002462
4.894486	0.002624
4.895469	0.002784
4.896451	0.002945
4.897434	0.003104
4.898417	0.003263
4.899400	0.003422
4.900383	0.003579
4.901365	0.003736
4.902348	0.003893
4.903331	0.004048
4.904314	0.004203
4.905296	0.004357
4.906279	0.004510
4.907262	0.004663
4.908245	0.004814
4.909228	0.004965
4.910210	0.005115
4.911193	0.005264
4.912176	0.005412
4.913159	0.005559
4.914141	0.005705
4.915124	0.005850
4.916107	0.005995
4.917090	0.006138
4.918072	0.006280
4.919055	0.006422
4.920038	0.006562
4.921021	0.006701
4.922004	0.006839
4.922986	0.006977
4.923969	0.007113
4.924952	0.007248
4.925935	0.007382
4.926917	0.007515
4.927900	0.007648
4.928883	0.007779
4.929866	0.007909
4.930849	0.008037
4.931831	0.008165
4.932814	0.008292
4.933797	0.008418
4.934780	0.008543
4.935762	0.008667
4.936745	0.008789
4.937728	0.008911
4.938711	0.009032
4.939694	0.009151
4.940676	0.009270
4.941659	0.009387
4.942642	0.009504
4.943625	0.009619
4.944607	0.009734
4.945590	0.009847
4.946573	0.009960
4.947556	0.010071
4.948539	0.010182
4.949521	0.010291
4.950504	0.010400
4.951487	0.010508
4.952470	0.010614
4.953452	0.010720
4.954435	0.010825
4.955418	0.010929
4.956401	0.011032
4.957384	0.011134
4.958366	0.011235
4.959349	0.011335
4.960332	0.011434
4.961315	0.011533
4.962297	0.011630
4.963280	0.011727
4.964263	0.011823
4.965246	0.011918
4.966228	0.012012
4.967211	0.012105
4.968194	0.012197
4.969177	0.012289
4.970160	0.012380
4.971142	0.012470
4.972125	0.012559
4.973108	0.012647
4.974091	0.012735
4.975073	0.012822
4.976056	0.012908
4.977039	0.012993
4.978022	0.013078
4.979005	0.013161
4.979987	0.013245
4.980970	0.013327
4.981953	0.013409
4.982936	0.013489
4.983918	0.013570
4.984901	0.013649
4.985884	0.013728
4.986867	0.013806
4.987850	0.013884
4.988832	0.013960
4.989815	0.014036
4.990798	0.014112
4.991781	0.014187
4.992763	0.014261
4.993746	0.014334
4.994729	0.014407
4.995712	0.014479
4.996695	0.014551
4.997677	0.014622
4.998660	0.014692
4.999643	0.014762
5.000626	0.014831
5.001608	0.014900
5.002591	0.014968
5.003574	0.015036
5.004557	0.015102
5.005540	0.015169
5.006522	0.015234
5.007505	0.015299
5.008488	0.015364
5.009471	0.015428
5.010453	0.015492
5.011436	0.015555
5.012419	0.015617
5.013402	0.015679
5.014384	0.015740
5.015367	0.015801
5.016350	0.015861
5.017333	0.015921
5.018316	0.015980
5.019298	0.016039
5.020281	0.016097
5.021264	0.016155
5.022247	0.016212
5.023229	0.016269
5.024212	0.016325
5.025195	0.016381
5.026178	0.016436
5.027161	0.016491
5.028143	0.016546
5.029126	0.016599
5.030109	0.016653
5.031092	0.016706
5.032074	0.016758
5.033057	0.016810
5.034040	0.016862
5.035023	0.016913
5.036006	0.016963
5.036988	0.017013
5.037971	0.017063
5.038954	0.017112
5.039937	0.017161
5.040919	0.017210
5.041902	0.017257
5.042885	0.017305
5.043868	0.017352
5.044851	0.017399
5.045833	0.017445
5.046816	0.017491
5.047799	0.017536
5.048782	0.017581
5.049764	0.017625
5.050747	0.017669
5.051730	0.017713
5.052713	0.017756
5.053696	0.017799
5.054678	0.017841
5.055661	0.017883
5.056644	0.017925
5.057627	0.017966
5.058609	0.018007
5.059592	0.018047
5.060575	0.018087
5.061558	0.018126
5.062540	0.018165
5.063523	0.018204
5.064506	0.018242
5.065489	0.018280
5.066472	0.018318
5.067454	0.018355
5.068437	0.018392
5.069420	0.018428
5.070403	0.018464
5.071385	0.018499
5.072368	0.018535
5.073351	0.018569
5.074334	0.018604
5.075317	0.018638
5.076299	0.018671
5.077282	0.018704
5.078265	0.018737
5.079248	0.018769
5.080230	0.018801
5.081213	0.018833
5.082196	0.018864
5.083179	0.018895
5.084162	0.018926
5.085144	0.018956
5.086127	0.018985
5.087110	0.019015
5.088093	0.019043
5.089075	0.019072
5.090058	0.019100
5.091041	0.019128
5.092024	0.019155
5.093007	0.019182
5.093989	0.019209
5.094972	0.019235
5.095955	0.019261
5.096938	0.019287
5.097920	0.019312
5.098903	0.019337
5.099886	0.019361
5.100869	0.019385
5.101852	0.019409
5.102834	0.019432
5.103817	0.019455
5.104800	0.019477
5.105783	0.019499
5.106765	0.019521
5.107748	0.019542
5.108731	0.019563
5.109714	0.019584
5.110697	0.019604
5.111679	0.019624
5.112662	0.019644
5.113645	0.019663
5.114628	0.019682
5.115610	0.019700
5.116593	0.019718
5.117576	0.019736
5.118559	0.019753
5.119541	0.019770
5.120524	0.019786
5.121507	0.019802
5.122490	0.019818
5.123473	0.019833
5.124455	0.019849
5.125438	0.019863
5.126421	0.019877
5.127404	0.019891
5.128386	0.019905
5.129369	0.019918
5.130352	0.019931
5.131335	0.019943
5.132318	0.019955
5.133300	0.019967
5.134283	0.019978
5.135266	0.019989
5.136249	0.020000
5.137231	0.020010
5.138214	0.020020
5.139197	0.020029
5.140180	0.020038
5.141163	0.020047
5.142145	0.020055
5.143128	0.020063
5.144111	0.020071
5.145094	0.020078
5.146076	0.020085
5.147059	0.020092
5.148042	0.020098
5.149025	0.020103
5.150008	0.020109
5.150990	0.020114
5.151973	0.020118
5.152956	0.020123
5.153939	0.020127
5.154921	0.020130
5.155904	0.020133
5.156887	0.020136
5.157870	0.020139
5.158853	0.020141
5.159835	0.020142
5.160818	0.020144
5.161801	0.020144
5.162784	0.020145
5.163766	0.020145
